# Column 1: Wavelength vector in Angstrom
# Column 2: FWHM of observation at the respective wavelength in Angstrom
#
# This files describes the udf-10 line-spread-function of alphaMC models
# The FWHM values are obtained by using R=3000
3000.0000000000 1.0000000000
3002.3341113705 1.0007780371
3004.6682227409 1.0015560742
3007.0023341114 1.0023341114
3009.3364454818 1.0031121485
3011.6705568523 1.0038901856
3014.0046682227 1.0046682227
3016.3387795932 1.0054462599
3018.6728909637 1.0062242970
3021.0070023341 1.0070023341
3023.3411137046 1.0077803712
3025.6752250750 1.0085584084
3028.0093364455 1.0093364455
3030.3434478159 1.0101144826
3032.6775591864 1.0108925197
3035.0116705569 1.0116705569
3037.3457819273 1.0124485940
3039.6798932978 1.0132266311
3042.0140046682 1.0140046682
3044.3481160387 1.0147827053
3046.6822274091 1.0155607425
3049.0163387796 1.0163387796
3051.3504501501 1.0171168167
3053.6845615205 1.0178948538
3056.0186728910 1.0186728910
3058.3527842614 1.0194509281
3060.6868956319 1.0202289652
3063.0210070023 1.0210070023
3065.3551183728 1.0217850395
3067.6892297432 1.0225630766
3070.0233411137 1.0233411137
3072.3574524842 1.0241191508
3074.6915638546 1.0248971880
3077.0256752251 1.0256752251
3079.3597865955 1.0264532622
3081.6938979660 1.0272312993
3084.0280093364 1.0280093364
3086.3621207069 1.0287873736
3088.6962320774 1.0295654107
3091.0303434478 1.0303434478
3093.3644548183 1.0311214849
3095.6985661887 1.0318995221
3098.0326775592 1.0326775592
3100.3667889296 1.0334555963
3102.7009003001 1.0342336334
3105.0350116706 1.0350116706
3107.3691230410 1.0357897077
3109.7032344115 1.0365677448
3112.0373457819 1.0373457819
3114.3714571524 1.0381238191
3116.7055685228 1.0389018562
3119.0396798933 1.0396798933
3121.3737912638 1.0404579304
3123.7079026342 1.0412359675
3126.0420140047 1.0420140047
3128.3761253751 1.0427920418
3130.7102367456 1.0435700789
3133.0443481160 1.0443481160
3135.3784594865 1.0451261532
3137.7125708570 1.0459041903
3140.0466822274 1.0466822274
3142.3807935979 1.0474602645
3144.7149049683 1.0482383017
3147.0490163388 1.0490163388
3149.3831277092 1.0497943759
3151.7172390797 1.0505724130
3154.0513504502 1.0513504502
3156.3854618206 1.0521284873
3158.7195731911 1.0529065244
3161.0536845615 1.0536845615
3163.3877959320 1.0544625986
3165.7219073024 1.0552406358
3168.0560186729 1.0560186729
3170.3901300433 1.0567967100
3172.7242414138 1.0575747471
3175.0583527843 1.0583527843
3177.3924641547 1.0591308214
3179.7265755252 1.0599088585
3182.0606868956 1.0606868956
3184.3947982661 1.0614649328
3186.7289096365 1.0622429699
3189.0630210070 1.0630210070
3191.3971323775 1.0637990441
3193.7312437479 1.0645770812
3196.0653551184 1.0653551184
3198.3994664888 1.0661331555
3200.7335778593 1.0669111926
3203.0676892297 1.0676892297
3205.4018006002 1.0684672669
3207.7359119707 1.0692453040
3210.0700233411 1.0700233411
3212.4041347116 1.0708013782
3214.7382460820 1.0715794154
3217.0723574525 1.0723574525
3219.4064688229 1.0731354896
3221.7405801934 1.0739135267
3224.0746915639 1.0746915639
3226.4088029343 1.0754696010
3228.7429143048 1.0762476381
3231.0770256752 1.0770256752
3233.4111370457 1.0778037123
3235.7452484161 1.0785817495
3238.0793597866 1.0793597866
3240.4134711571 1.0801378237
3242.7475825275 1.0809158608
3245.0816938980 1.0816938980
3247.4158052684 1.0824719351
3249.7499166389 1.0832499722
3252.0840280093 1.0840280093
3254.4181393798 1.0848060465
3256.7522507502 1.0855840836
3259.0863621207 1.0863621207
3261.4204734912 1.0871401578
3263.7545848616 1.0879181950
3266.0886962321 1.0886962321
3268.4228076025 1.0894742692
3270.7569189730 1.0902523063
3273.0910303434 1.0910303434
3275.4251417139 1.0918083806
3277.7592530844 1.0925864177
3280.0933644548 1.0933644548
3282.4274758253 1.0941424919
3284.7615871957 1.0949205291
3287.0956985662 1.0956985662
3289.4298099366 1.0964766033
3291.7639213071 1.0972546404
3294.0980326776 1.0980326776
3296.4321440480 1.0988107147
3298.7662554185 1.0995887518
3301.1003667889 1.1003667889
3303.4344781594 1.1011448261
3305.7685895298 1.1019228632
3308.1027009003 1.1027009003
3310.4368122708 1.1034789374
3312.7709236412 1.1042569745
3315.1050350117 1.1050350117
3317.4391463821 1.1058130488
3319.7732577526 1.1065910859
3322.1073691230 1.1073691230
3324.4414804935 1.1081471602
3326.7755918640 1.1089251973
3329.1097032344 1.1097032344
3331.4438146049 1.1104812715
3333.7779259753 1.1112593087
3336.1120373458 1.1120373458
3338.4461487162 1.1128153829
3340.7802600867 1.1135934200
3343.1143714572 1.1143714572
3345.4484828276 1.1151494943
3347.7825941981 1.1159275314
3350.1167055685 1.1167055685
3352.4508169390 1.1174836056
3354.7849283094 1.1182616428
3357.1190396799 1.1190396799
3359.4531510504 1.1198177170
3361.7872624208 1.1205957541
3364.1213737913 1.1213737913
3366.4554851617 1.1221518284
3368.7895965322 1.1229298655
3371.1237079026 1.1237079026
3373.4578192731 1.1244859398
3375.7919306435 1.1252639769
3378.1260420140 1.1260420140
3380.4601533845 1.1268200511
3382.7942647549 1.1275980883
3385.1283761254 1.1283761254
3387.4624874958 1.1291541625
3389.7965988663 1.1299321996
3392.1307102367 1.1307102367
3394.4648216072 1.1314882739
3396.7989329777 1.1322663110
3399.1330443481 1.1330443481
3401.4671557186 1.1338223852
3403.8012670890 1.1346004224
3406.1353784595 1.1353784595
3408.4694898299 1.1361564966
3410.8036012004 1.1369345337
3413.1377125709 1.1377125709
3415.4718239413 1.1384906080
3417.8059353118 1.1392686451
3420.1400466822 1.1400466822
3422.4741580527 1.1408247194
3424.8082694231 1.1416027565
3427.1423807936 1.1423807936
3429.4764921641 1.1431588307
3431.8106035345 1.1439368678
3434.1447149050 1.1447149050
3436.4788262754 1.1454929421
3438.8129376459 1.1462709792
3441.1470490163 1.1470490163
3443.4811603868 1.1478270535
3445.8152717573 1.1486050906
3448.1493831277 1.1493831277
3450.4834944982 1.1501611648
3452.8176058686 1.1509392020
3455.1517172391 1.1517172391
3457.4858286095 1.1524952762
3459.8199399800 1.1532733133
3462.1540513505 1.1540513505
3464.4881627209 1.1548293876
3466.8222740914 1.1556074247
3469.1563854618 1.1563854618
3471.4904968323 1.1571634989
3473.8246082027 1.1579415361
3476.1587195732 1.1587195732
3478.4928309436 1.1594976103
3480.8269423141 1.1602756474
3483.1610536846 1.1610536846
3485.4951650550 1.1618317217
3487.8292764255 1.1626097588
3490.1633877959 1.1633877959
3492.4974991664 1.1641658331
3494.8316105368 1.1649438702
3497.1657219073 1.1657219073
3499.4998332778 1.1664999444
3501.8339446482 1.1672779815
3504.1680560187 1.1680560187
3506.5021673891 1.1688340558
3508.8362787596 1.1696120929
3511.1703901300 1.1703901300
3513.5045015005 1.1711681672
3515.8386128710 1.1719462043
3518.1727242414 1.1727242414
3520.5068356119 1.1735022785
3522.8409469823 1.1742803157
3525.1750583528 1.1750583528
3527.5091697232 1.1758363899
3529.8432810937 1.1766144270
3532.1773924642 1.1773924642
3534.5115038346 1.1781705013
3536.8456152051 1.1789485384
3539.1797265755 1.1797265755
3541.5138379460 1.1805046126
3543.8479493164 1.1812826498
3546.1820606869 1.1820606869
3548.5161720574 1.1828387240
3550.8502834278 1.1836167611
3553.1843947983 1.1843947983
3555.5185061687 1.1851728354
3557.8526175392 1.1859508725
3560.1867289096 1.1867289096
3562.5208402801 1.1875069468
3564.8549516505 1.1882849839
3567.1890630210 1.1890630210
3569.5231743915 1.1898410581
3571.8572857619 1.1906190953
3574.1913971324 1.1913971324
3576.5255085028 1.1921751695
3578.8596198733 1.1929532066
3581.1937312437 1.1937312437
3583.5278426142 1.1945092809
3585.8619539847 1.1952873180
3588.1960653551 1.1960653551
3590.5301767256 1.1968433922
3592.8642880960 1.1976214294
3595.1983994665 1.1983994665
3597.5325108369 1.1991775036
3599.8666222074 1.1999555407
3602.2007335779 1.2007335779
3604.5348449483 1.2015116150
3606.8689563188 1.2022896521
3609.2030676892 1.2030676892
3611.5371790597 1.2038457264
3613.8712904301 1.2046237635
3616.2054018006 1.2054018006
3618.5395131711 1.2061798377
3620.8736245415 1.2069578748
3623.2077359120 1.2077359120
3625.5418472824 1.2085139491
3627.8759586529 1.2092919862
3630.2100700233 1.2100700233
3632.5441813938 1.2108480605
3634.8782927643 1.2116260976
3637.2124041347 1.2124041347
3639.5465155052 1.2131821718
3641.8806268756 1.2139602090
3644.2147382461 1.2147382461
3646.5488496165 1.2155162832
3648.8829609870 1.2162943203
3651.2170723575 1.2170723575
3653.5511837279 1.2178503946
3655.8852950984 1.2186284317
3658.2194064688 1.2194064688
3660.5535178393 1.2201845059
3662.8876292097 1.2209625431
3665.2217405802 1.2217405802
3667.5558519507 1.2225186173
3669.8899633211 1.2232966544
3672.2240746916 1.2240746916
3674.5581860620 1.2248527287
3676.8922974325 1.2256307658
3679.2264088029 1.2264088029
3681.5605201734 1.2271868401
3683.8946315438 1.2279648772
3686.2287429143 1.2287429143
3688.5628542848 1.2295209514
3690.8969656552 1.2302989886
3693.2310770257 1.2310770257
3695.5651883961 1.2318550628
3697.8992997666 1.2326330999
3700.2334111370 1.2334111370
3702.5675225075 1.2341891742
3704.9016338780 1.2349672113
3707.2357452484 1.2357452484
3709.5698566189 1.2365232855
3711.9039679893 1.2373013227
3714.2380793598 1.2380793598
3716.5721907302 1.2388573969
3718.9063021007 1.2396354340
3721.2404134712 1.2404134712
3723.5745248416 1.2411915083
3725.9086362121 1.2419695454
3728.2427475825 1.2427475825
3730.5768589530 1.2435256197
3732.9109703234 1.2443036568
3735.2450816939 1.2450816939
3737.5791930644 1.2458597310
3739.9133044348 1.2466377681
3742.2474158053 1.2474158053
3744.5815271757 1.2481938424
3746.9156385462 1.2489718795
3749.2497499166 1.2497499166
3751.5838612871 1.2505279538
3753.9179726576 1.2513059909
3756.2520840280 1.2520840280
3758.5861953985 1.2528620651
3760.9203067689 1.2536401023
3763.2544181394 1.2544181394
3765.5885295098 1.2551961765
3767.9226408803 1.2559742136
3770.2567522508 1.2567522508
3772.5908636212 1.2575302879
3774.9249749917 1.2583083250
3777.2590863621 1.2590863621
3779.5931977326 1.2598643992
3781.9273091030 1.2606424364
3784.2614204735 1.2614204735
3786.5955318439 1.2621985106
3788.9296432144 1.2629765477
3791.2637545849 1.2637545849
3793.5978659553 1.2645326220
3795.9319773258 1.2653106591
3798.2660886962 1.2660886962
3800.6002000667 1.2668667334
3802.9343114371 1.2676447705
3805.2684228076 1.2684228076
3807.6025341781 1.2692008447
3809.9366455485 1.2699788818
3812.2707569190 1.2707569190
3814.6048682894 1.2715349561
3816.9389796599 1.2723129932
3819.2730910303 1.2730910303
3821.6072024008 1.2738690675
3823.9413137713 1.2746471046
3826.2754251417 1.2754251417
3828.6095365122 1.2762031788
3830.9436478826 1.2769812160
3833.2777592531 1.2777592531
3835.6118706235 1.2785372902
3837.9459819940 1.2793153273
3840.2800933645 1.2800933645
3842.6142047349 1.2808714016
3844.9483161054 1.2816494387
3847.2824274758 1.2824274758
3849.6165388463 1.2832055129
3851.9506502167 1.2839835501
3854.2847615872 1.2847615872
3856.6188729577 1.2855396243
3858.9529843281 1.2863176614
3861.2870956986 1.2870956986
3863.6212070690 1.2878737357
3865.9553184395 1.2886517728
3868.2894298099 1.2894298099
3870.6235411804 1.2902078471
3872.9576525509 1.2909858842
3875.2917639213 1.2917639213
3877.6258752918 1.2925419584
3879.9599866622 1.2933199956
3882.2940980327 1.2940980327
3884.6282094031 1.2948760698
3886.9623207736 1.2956541069
3889.2964321440 1.2964321440
3891.6305435145 1.2972101812
3893.9646548850 1.2979882183
3896.2987662554 1.2987662554
3898.6328776259 1.2995442925
3900.9669889963 1.3003223297
3903.3011003668 1.3011003668
3905.6352117372 1.3018784039
3907.9693231077 1.3026564410
3910.3034344782 1.3034344782
3912.6375458486 1.3042125153
3914.9716572191 1.3049905524
3917.3057685895 1.3057685895
3919.6398799600 1.3065466267
3921.9739913304 1.3073246638
3924.3081027009 1.3081027009
3926.6422140714 1.3088807380
3928.9763254418 1.3096587751
3931.3104368123 1.3104368123
3933.6445481827 1.3112148494
3935.9786595532 1.3119928865
3938.3127709236 1.3127709236
3940.6468822941 1.3135489608
3942.9809936646 1.3143269979
3945.3151050350 1.3151050350
3947.6492164055 1.3158830721
3949.9833277759 1.3166611093
3952.3174391464 1.3174391464
3954.6515505168 1.3182171835
3956.9856618873 1.3189952206
3959.3197732578 1.3197732578
3961.6538846282 1.3205512949
3963.9879959987 1.3213293320
3966.3221073691 1.3221073691
3968.6562187396 1.3228854062
3970.9903301100 1.3236634434
3973.3244414805 1.3244414805
3975.6585528510 1.3252195176
3977.9926642214 1.3259975547
3980.3267755919 1.3267755919
3982.6608869623 1.3275536290
3984.9949983328 1.3283316661
3987.3291097032 1.3291097032
3989.6632210737 1.3298877404
3991.9973324441 1.3306657775
3994.3314438146 1.3314438146
3996.6655551851 1.3322218517
3998.9996665555 1.3329998889
4001.3337779260 1.3337779260
4003.6678892964 1.3345559631
4006.0020006669 1.3353340002
4008.3361120373 1.3361120373
4010.6702234078 1.3368900745
4013.0043347783 1.3376681116
4015.3384461487 1.3384461487
4017.6725575192 1.3392241858
4020.0066688896 1.3400022230
4022.3407802601 1.3407802601
4024.6748916305 1.3415582972
4027.0090030010 1.3423363343
4029.3431143715 1.3431143715
4031.6772257419 1.3438924086
4034.0113371124 1.3446704457
4036.3454484828 1.3454484828
4038.6795598533 1.3462265200
4041.0136712237 1.3470045571
4043.3477825942 1.3477825942
4045.6818939647 1.3485606313
4048.0160053351 1.3493386684
4050.3501167056 1.3501167056
4052.6842280760 1.3508947427
4055.0183394465 1.3516727798
4057.3524508169 1.3524508169
4059.6865621874 1.3532288541
4062.0206735579 1.3540068912
4064.3547849283 1.3547849283
4066.6888962988 1.3555629654
4069.0230076692 1.3563410026
4071.3571190397 1.3571190397
4073.6912304101 1.3578970768
4076.0253417806 1.3586751139
4078.3594531511 1.3594531511
4080.6935645215 1.3602311882
4083.0276758920 1.3610092253
4085.3617872624 1.3617872624
4087.6958986329 1.3625652995
4090.0300100033 1.3633433367
4092.3641213738 1.3641213738
4094.6982327442 1.3648994109
4097.0323441147 1.3656774480
4099.3664554852 1.3664554852
4101.7005668556 1.3672335223
4104.0346782261 1.3680115594
4106.3687895965 1.3687895965
4108.7029009670 1.3695676337
4111.0370123374 1.3703456708
4113.3711237079 1.3711237079
4115.7052350784 1.3719017450
4118.0393464488 1.3726797821
4120.3734578193 1.3734578193
4122.7075691897 1.3742358564
4125.0416805602 1.3750138935
4127.3757919306 1.3757919306
4129.7099033011 1.3765699678
4132.0440146716 1.3773480049
4134.3781260420 1.3781260420
4136.7122374125 1.3789040791
4139.0463487829 1.3796821163
4141.3804601534 1.3804601534
4143.7145715238 1.3812381905
4146.0486828943 1.3820162276
4148.3827942648 1.3827942648
4150.7169056352 1.3835723019
4153.0510170057 1.3843503390
4155.3851283761 1.3851283761
4157.7192397466 1.3859064132
4160.0533511170 1.3866844504
4162.3874624875 1.3874624875
4164.7215738580 1.3882405246
4167.0556852284 1.3890185617
4169.3897965989 1.3897965989
4171.7239079693 1.3905746360
4174.0580193398 1.3913526731
4176.3921307102 1.3921307102
4178.7262420807 1.3929087474
4181.0603534512 1.3936867845
4183.3944648216 1.3944648216
4185.7285761921 1.3952428587
4188.0626875625 1.3960208959
4190.3967989330 1.3967989330
4192.7309103034 1.3975769701
4195.0650216739 1.3983550072
4197.3991330443 1.3991330443
4199.7332444148 1.3999110815
4202.0673557853 1.4006891186
4204.4014671557 1.4014671557
4206.7355785262 1.4022451928
4209.0696898966 1.4030232300
4211.4038012671 1.4038012671
4213.7379126375 1.4045793042
4216.0720240080 1.4053573413
4218.4061353785 1.4061353785
4220.7402467489 1.4069134156
4223.0743581194 1.4076914527
4225.4084694898 1.4084694898
4227.7425808603 1.4092475270
4230.0766922307 1.4100255641
4232.4108036012 1.4108036012
4234.7449149717 1.4115816383
4237.0790263421 1.4123596754
4239.4131377126 1.4131377126
4241.7472490830 1.4139157497
4244.0813604535 1.4146937868
4246.4154718239 1.4154718239
4248.7495831944 1.4162498611
4251.0836945649 1.4170278982
4253.4178059353 1.4178059353
4255.7519173058 1.4185839724
4258.0860286762 1.4193620096
4260.4201400467 1.4201400467
4262.7542514171 1.4209180838
4265.0883627876 1.4216961209
4267.4224741581 1.4224741581
4269.7565855285 1.4232521952
4272.0906968990 1.4240302323
4274.4248082694 1.4248082694
4276.7589196399 1.4255863065
4279.0930310103 1.4263643437
4281.4271423808 1.4271423808
4283.7612537513 1.4279204179
4286.0953651217 1.4286984550
4288.4294764922 1.4294764922
4290.7635878626 1.4302545293
4293.0976992331 1.4310325664
4295.4318106035 1.4318106035
4297.7659219740 1.4325886407
4300.1000333444 1.4333666778
4302.4341447149 1.4341447149
4304.7682560854 1.4349227520
4307.1023674558 1.4357007892
4309.4364788263 1.4364788263
4311.7705901967 1.4372568634
4314.1047015672 1.4380349005
4316.4388129376 1.4388129376
4318.7729243081 1.4395909748
4321.1070356786 1.4403690119
4323.4411470490 1.4411470490
4325.7752584195 1.4419250861
4328.1093697899 1.4427031233
4330.4434811604 1.4434811604
4332.7775925308 1.4442591975
4335.1117039013 1.4450372346
4337.4458152718 1.4458152718
4339.7799266422 1.4465933089
4342.1140380127 1.4473713460
4344.4481493831 1.4481493831
4346.7822607536 1.4489274203
4349.1163721240 1.4497054574
4351.4504834945 1.4504834945
4353.7845948650 1.4512615316
4356.1187062354 1.4520395687
4358.4528176059 1.4528176059
4360.7869289763 1.4535956430
4363.1210403468 1.4543736801
4365.4551517172 1.4551517172
4367.7892630877 1.4559297544
4370.1233744582 1.4567077915
4372.4574858286 1.4574858286
4374.7915971991 1.4582638657
4377.1257085695 1.4590419029
4379.4598199400 1.4598199400
4381.7939313104 1.4605979771
4384.1280426809 1.4613760142
4386.4621540514 1.4621540514
4388.7962654218 1.4629320885
4391.1303767923 1.4637101256
4393.4644881627 1.4644881627
4395.7985995332 1.4652661998
4398.1327109036 1.4660442370
4400.4668222741 1.4668222741
4402.8009336445 1.4676003112
4405.1350450150 1.4683783483
4407.4691563855 1.4691563855
4409.8032677559 1.4699344226
4412.1373791264 1.4707124597
4414.4714904968 1.4714904968
4416.8056018673 1.4722685340
4419.1397132377 1.4730465711
4421.4738246082 1.4738246082
4423.8079359787 1.4746026453
4426.1420473491 1.4753806824
4428.4761587196 1.4761587196
4430.8102700900 1.4769367567
4433.1443814605 1.4777147938
4435.4784928309 1.4784928309
4437.8126042014 1.4792708681
4440.1467155719 1.4800489052
4442.4808269423 1.4808269423
4444.8149383128 1.4816049794
4447.1490496832 1.4823830166
4449.4831610537 1.4831610537
4451.8172724241 1.4839390908
4454.1513837946 1.4847171279
4456.4854951651 1.4854951651
4458.8196065355 1.4862732022
4461.1537179060 1.4870512393
4463.4878292764 1.4878292764
4465.8219406469 1.4886073135
4468.1560520173 1.4893853507
4470.4901633878 1.4901633878
4472.8242747583 1.4909414249
4475.1583861287 1.4917194620
4477.4924974992 1.4924974992
4479.8266088696 1.4932755363
4482.1607202401 1.4940535734
4484.4948316105 1.4948316105
4486.8289429810 1.4956096477
4489.1630543515 1.4963876848
4491.4971657219 1.4971657219
4493.8312770924 1.4979437590
4496.1653884628 1.4987217962
4498.4994998333 1.4994998333
4500.8336112037 1.5002778704
4503.1677225742 1.5010559075
4505.5018339446 1.5018339446
4507.8359453151 1.5026119818
4510.1700566856 1.5033900189
4512.5041680560 1.5041680560
4514.8382794265 1.5049460931
4517.1723907969 1.5057241303
4519.5065021674 1.5065021674
4521.8406135378 1.5072802045
4524.1747249083 1.5080582416
4526.5088362788 1.5088362788
4528.8429476492 1.5096143159
4531.1770590197 1.5103923530
4533.5111703901 1.5111703901
4535.8452817606 1.5119484273
4538.1793931310 1.5127264644
4540.5135045015 1.5135045015
4542.8476158720 1.5142825386
4545.1817272424 1.5150605757
4547.5158386129 1.5158386129
4549.8499499833 1.5166166500
4552.1840613538 1.5173946871
4554.5181727242 1.5181727242
4556.8522840947 1.5189507614
4559.1863954652 1.5197287985
4561.5205068356 1.5205068356
4563.8546182061 1.5212848727
4566.1887295765 1.5220629099
4568.5228409470 1.5228409470
4570.8569523174 1.5236189841
4573.1910636879 1.5243970212
4575.5251750584 1.5251750584
4577.8592864288 1.5259530955
4580.1933977993 1.5267311326
4582.5275091697 1.5275091697
4584.8616205402 1.5282872068
4587.1957319106 1.5290652440
4589.5298432811 1.5298432811
4591.8639546516 1.5306213182
4594.1980660220 1.5313993553
4596.5321773925 1.5321773925
4598.8662887629 1.5329554296
4601.2004001334 1.5337334667
4603.5345115038 1.5345115038
4605.8686228743 1.5352895410
4608.2027342447 1.5360675781
4610.5368456152 1.5368456152
4612.8709569857 1.5376236523
4615.2050683561 1.5384016895
4617.5391797266 1.5391797266
4619.8732910970 1.5399577637
4622.2074024675 1.5407358008
4624.5415138379 1.5415138379
4626.8756252084 1.5422918751
4629.2097365789 1.5430699122
4631.5438479493 1.5438479493
4633.8779593198 1.5446259864
4636.2120706902 1.5454040236
4638.5461820607 1.5461820607
4640.8802934311 1.5469600978
4643.2144048016 1.5477381349
4645.5485161721 1.5485161721
4647.8826275425 1.5492942092
4650.2167389130 1.5500722463
4652.5508502834 1.5508502834
4654.8849616539 1.5516283206
4657.2190730243 1.5524063577
4659.5531843948 1.5531843948
4661.8872957653 1.5539624319
4664.2214071357 1.5547404690
4666.5555185062 1.5555185062
4668.8896298766 1.5562965433
4671.2237412471 1.5570745804
4673.5578526175 1.5578526175
4675.8919639880 1.5586306547
4678.2260753585 1.5594086918
4680.5601867289 1.5601867289
4682.8942980994 1.5609647660
4685.2284094698 1.5617428032
4687.5625208403 1.5625208403
4689.8966322107 1.5632988774
4692.2307435812 1.5640769145
4694.5648549517 1.5648549517
4696.8989663221 1.5656329888
4699.2330776926 1.5664110259
4701.5671890630 1.5671890630
4703.9013004335 1.5679671001
4706.2354118039 1.5687451373
4708.5695231744 1.5695231744
4710.9036345448 1.5703012115
4713.2377459153 1.5710792486
4715.5718572858 1.5718572858
4717.9059686562 1.5726353229
4720.2400800267 1.5734133600
4722.5741913971 1.5741913971
4724.9083027676 1.5749694343
4727.2424141380 1.5757474714
4729.5765255085 1.5765255085
4731.9106368790 1.5773035456
4734.2447482494 1.5780815827
4736.5788596199 1.5788596199
4738.9129709903 1.5796376570
4741.2470823608 1.5804156941
4743.5811937312 1.5811937312
4745.9153051017 1.5819717684
4748.2494164722 1.5827498055
4750.5835278426 1.5835278426
4752.9176392131 1.5843058797
4755.2517505835 1.5850839169
4757.5858619540 1.5858619540
4759.9199733244 1.5866399911
4762.2540846949 1.5874180282
4764.5881960654 1.5881960654
4766.9223074358 1.5889741025
4769.2564188063 1.5897521396
4771.5905301767 1.5905301767
4773.9246415472 1.5913082138
4776.2587529176 1.5920862510
4778.5928642881 1.5928642881
4780.9269756586 1.5936423252
4783.2610870290 1.5944203623
4785.5951983995 1.5951983995
4787.9293097699 1.5959764366
4790.2634211404 1.5967544737
4792.5975325108 1.5975325108
4794.9316438813 1.5983105480
4797.2657552518 1.5990885851
4799.5998666222 1.5998666222
4801.9339779927 1.6006446593
4804.2680893631 1.6014226965
4806.6022007336 1.6022007336
4808.9363121040 1.6029787707
4811.2704234745 1.6037568078
4813.6045348449 1.6045348449
4815.9386462154 1.6053128821
4818.2727575859 1.6060909192
4820.6068689563 1.6068689563
4822.9409803268 1.6076469934
4825.2750916972 1.6084250306
4827.6092030677 1.6092030677
4829.9433144381 1.6099811048
4832.2774258086 1.6107591419
4834.6115371791 1.6115371791
4836.9456485495 1.6123152162
4839.2797599200 1.6130932533
4841.6138712904 1.6138712904
4843.9479826609 1.6146493276
4846.2820940313 1.6154273647
4848.6162054018 1.6162054018
4850.9503167723 1.6169834389
4853.2844281427 1.6177614760
4855.6185395132 1.6185395132
4857.9526508836 1.6193175503
4860.2867622541 1.6200955874
4862.6208736245 1.6208736245
4864.9549849950 1.6216516617
4867.2890963655 1.6224296988
4869.6232077359 1.6232077359
4871.9573191064 1.6239857730
4874.2914304768 1.6247638102
4876.6255418473 1.6255418473
4878.9596532177 1.6263198844
4881.2937645882 1.6270979215
4883.6278759587 1.6278759587
4885.9619873291 1.6286539958
4888.2960986996 1.6294320329
4890.6302100700 1.6302100700
4892.9643214405 1.6309881071
4895.2984328109 1.6317661443
4897.6325441814 1.6325441814
4899.9666555519 1.6333222185
4902.3007669223 1.6341002556
4904.6348782928 1.6348782928
4906.9689896632 1.6356563299
4909.3031010337 1.6364343670
4911.6372124041 1.6372124041
4913.9713237746 1.6379904413
4916.3054351450 1.6387684784
4918.6395465155 1.6395465155
4920.9736578860 1.6403245526
4923.3077692564 1.6411025898
4925.6418806269 1.6418806269
4927.9759919973 1.6426586640
4930.3101033678 1.6434367011
4932.6442147382 1.6442147382
4934.9783261087 1.6449927754
4937.3124374792 1.6457708125
4939.6465488496 1.6465488496
4941.9806602201 1.6473268867
4944.3147715905 1.6481049239
4946.6488829610 1.6488829610
4948.9829943314 1.6496609981
4951.3171057019 1.6504390352
4953.6512170724 1.6512170724
4955.9853284428 1.6519951095
4958.3194398133 1.6527731466
4960.6535511837 1.6535511837
4962.9876625542 1.6543292209
4965.3217739246 1.6551072580
4967.6558852951 1.6558852951
4969.9899966656 1.6566633322
4972.3241080360 1.6574413693
4974.6582194065 1.6582194065
4976.9923307769 1.6589974436
4979.3264421474 1.6597754807
4981.6605535178 1.6605535178
4983.9946648883 1.6613315550
4986.3287762588 1.6621095921
4988.6628876292 1.6628876292
4990.9969989997 1.6636656663
4993.3311103701 1.6644437035
4995.6652217406 1.6652217406
4997.9993331110 1.6659997777
5000.3334444815 1.6667778148
5002.6675558520 1.6675558520
5005.0016672224 1.6683338891
5007.3357785929 1.6691119262
5009.6698899633 1.6698899633
5012.0040013338 1.6706680004
5014.3381127042 1.6714460376
5016.6722240747 1.6722240747
5019.0063354451 1.6730021118
5021.3404468156 1.6737801489
5023.6745581861 1.6745581861
5026.0086695565 1.6753362232
5028.3427809270 1.6761142603
5030.6768922974 1.6768922974
5033.0110036679 1.6776703346
5035.3451150383 1.6784483717
5037.6792264088 1.6792264088
5040.0133377793 1.6800044459
5042.3474491497 1.6807824830
5044.6815605202 1.6815605202
5047.0156718906 1.6823385573
5049.3497832611 1.6831165944
5051.6838946315 1.6838946315
5054.0180060020 1.6846726687
5056.3521173725 1.6854507058
5058.6862287429 1.6862287429
5061.0203401134 1.6870067800
5063.3544514838 1.6877848172
5065.6885628543 1.6885628543
5068.0226742247 1.6893408914
5070.3567855952 1.6901189285
5072.6908969657 1.6908969657
5075.0250083361 1.6916750028
5077.3591197066 1.6924530399
5079.6932310770 1.6932310770
5082.0273424475 1.6940091141
5084.3614538179 1.6947871513
5086.6955651884 1.6955651884
5089.0296765589 1.6963432255
5091.3637879293 1.6971212626
5093.6978992998 1.6978992998
5096.0320106702 1.6986773369
5098.3661220407 1.6994553740
5100.7002334111 1.7002334111
5103.0343447816 1.7010114483
5105.3684561521 1.7017894854
5107.7025675225 1.7025675225
5110.0366788930 1.7033455596
5112.3707902634 1.7041235968
5114.7049016339 1.7049016339
5117.0390130043 1.7056796710
5119.3731243748 1.7064577081
5121.7072357452 1.7072357452
5124.0413471157 1.7080137824
5126.3754584862 1.7087918195
5128.7095698566 1.7095698566
5131.0436812271 1.7103478937
5133.3777925975 1.7111259309
5135.7119039680 1.7119039680
5138.0460153384 1.7126820051
5140.3801267089 1.7134600422
5142.7142380794 1.7142380794
5145.0483494498 1.7150161165
5147.3824608203 1.7157941536
5149.7165721907 1.7165721907
5152.0506835612 1.7173502279
5154.3847949316 1.7181282650
5156.7189063021 1.7189063021
5159.0530176726 1.7196843392
5161.3871290430 1.7204623763
5163.7212404135 1.7212404135
5166.0553517839 1.7220184506
5168.3894631544 1.7227964877
5170.7235745248 1.7235745248
5173.0576858953 1.7243525620
5175.3917972658 1.7251305991
5177.7259086362 1.7259086362
5180.0600200067 1.7266866733
5182.3941313771 1.7274647105
5184.7282427476 1.7282427476
5187.0623541180 1.7290207847
5189.3964654885 1.7297988218
5191.7305768590 1.7305768590
5194.0646882294 1.7313548961
5196.3987995999 1.7321329332
5198.7329109703 1.7329109703
5201.0670223408 1.7336890074
5203.4011337112 1.7344670446
5205.7352450817 1.7352450817
5208.0693564522 1.7360231188
5210.4034678226 1.7368011559
5212.7375791931 1.7375791931
5215.0716905635 1.7383572302
5217.4058019340 1.7391352673
5219.7399133044 1.7399133044
5222.0740246749 1.7406913416
5224.4081360453 1.7414693787
5226.7422474158 1.7422474158
5229.0763587863 1.7430254529
5231.4104701567 1.7438034901
5233.7445815272 1.7445815272
5236.0786928976 1.7453595643
5238.4128042681 1.7461376014
5240.7469156385 1.7469156385
5243.0810270090 1.7476936757
5245.4151383795 1.7484717128
5247.7492497499 1.7492497499
5250.0833611204 1.7500277870
5252.4174724908 1.7508058242
5254.7515838613 1.7515838613
5257.0856952317 1.7523618984
5259.4198066022 1.7531399355
5261.7539179727 1.7539179727
5264.0880293431 1.7546960098
5266.4221407136 1.7554740469
5268.7562520840 1.7562520840
5271.0903634545 1.7570301212
5273.4244748249 1.7578081583
5275.7585861954 1.7585861954
5278.0926975659 1.7593642325
5280.4268089363 1.7601422696
5282.7609203068 1.7609203068
5285.0950316772 1.7616983439
5287.4291430477 1.7624763810
5289.7632544181 1.7632544181
5292.0973657886 1.7640324553
5294.4314771591 1.7648104924
5296.7655885295 1.7655885295
5299.0996999000 1.7663665666
5301.4338112704 1.7671446038
5303.7679226409 1.7679226409
5306.1020340113 1.7687006780
5308.4361453818 1.7694787151
5310.7702567523 1.7702567523
5313.1043681227 1.7710347894
5315.4384794932 1.7718128265
5317.7725908636 1.7725908636
5320.1067022341 1.7733689007
5322.4408136045 1.7741469379
5324.7749249750 1.7749249750
5327.1090363454 1.7757030121
5329.4431477159 1.7764810492
5331.7772590864 1.7772590864
5334.1113704568 1.7780371235
5336.4454818273 1.7788151606
5338.7795931977 1.7795931977
5341.1137045682 1.7803712349
5343.4478159386 1.7811492720
5345.7819273091 1.7819273091
5348.1160386796 1.7827053462
5350.4501500500 1.7834833834
5352.7842614205 1.7842614205
5355.1183727909 1.7850394576
5357.4524841614 1.7858174947
5359.7865955318 1.7865955318
5362.1207069023 1.7873735690
5364.4548182728 1.7881516061
5366.7889296432 1.7889296432
5369.1230410137 1.7897076803
5371.4571523841 1.7904857175
5373.7912637546 1.7912637546
5376.1253751250 1.7920417917
5378.4594864955 1.7928198288
5380.7935978660 1.7935978660
5383.1277092364 1.7943759031
5385.4618206069 1.7951539402
5387.7959319773 1.7959319773
5390.1300433478 1.7967100144
5392.4641547182 1.7974880516
5394.7982660887 1.7982660887
5397.1323774592 1.7990441258
5399.4664888296 1.7998221629
5401.8006002001 1.8006002001
5404.1347115705 1.8013782372
5406.4688229410 1.8021562743
5408.8029343114 1.8029343114
5411.1370456819 1.8037123486
5413.4711570524 1.8044903857
5415.8052684228 1.8052684228
5418.1393797933 1.8060464599
5420.4734911637 1.8068244971
5422.8076025342 1.8076025342
5425.1417139046 1.8083805713
5427.4758252751 1.8091586084
5429.8099366455 1.8099366455
5432.1440480160 1.8107146827
5434.4781593865 1.8114927198
5436.8122707569 1.8122707569
5439.1463821274 1.8130487940
5441.4804934978 1.8138268312
5443.8146048683 1.8146048683
5446.1487162387 1.8153829054
5448.4828276092 1.8161609425
5450.8169389797 1.8169389797
5453.1510503501 1.8177170168
5455.4851617206 1.8184950539
5457.8192730910 1.8192730910
5460.1533844615 1.8200511282
5462.4874958319 1.8208291653
5464.8216072024 1.8216072024
5467.1557185729 1.8223852395
5469.4898299433 1.8231632766
5471.8239413138 1.8239413138
5474.1580526842 1.8247193509
5476.4921640547 1.8254973880
5478.8262754251 1.8262754251
5481.1603867956 1.8270534623
5483.4944981661 1.8278314994
5485.8286095365 1.8286095365
5488.1627209070 1.8293875736
5490.4968322774 1.8301656108
5492.8309436479 1.8309436479
5495.1650550183 1.8317216850
5497.4991663888 1.8324997221
5499.8332777593 1.8332777593
5502.1673891297 1.8340557964
5504.5015005002 1.8348338335
5506.8356118706 1.8356118706
5509.1697232411 1.8363899077
5511.5038346115 1.8371679449
5513.8379459820 1.8379459820
5516.1720573525 1.8387240191
5518.5061687229 1.8395020562
5520.8402800934 1.8402800934
5523.1743914638 1.8410581305
5525.5085028343 1.8418361676
5527.8426142047 1.8426142047
5530.1767255752 1.8433922419
5532.5108369456 1.8441702790
5534.8449483161 1.8449483161
5537.1790596866 1.8457263532
5539.5131710570 1.8465043904
5541.8472824275 1.8472824275
5544.1813937979 1.8480604646
5546.5155051684 1.8488385017
5548.8496165388 1.8496165388
5551.1837279093 1.8503945760
5553.5178392798 1.8511726131
5555.8519506502 1.8519506502
5558.1860620207 1.8527286873
5560.5201733911 1.8535067245
5562.8542847616 1.8542847616
5565.1883961320 1.8550627987
5567.5225075025 1.8558408358
5569.8566188730 1.8566188730
5572.1907302434 1.8573969101
5574.5248416139 1.8581749472
5576.8589529843 1.8589529843
5579.1930643548 1.8597310215
5581.5271757252 1.8605090586
5583.8612870957 1.8612870957
5586.1953984662 1.8620651328
5588.5295098366 1.8628431699
5590.8636212071 1.8636212071
5593.1977325775 1.8643992442
5595.5318439480 1.8651772813
5597.8659553184 1.8659553184
5600.2000666889 1.8667333556
5602.5341780594 1.8675113927
5604.8682894298 1.8682894298
5607.2024008003 1.8690674669
5609.5365121707 1.8698455041
5611.8706235412 1.8706235412
5614.2047349116 1.8714015783
5616.5388462821 1.8721796154
5618.8729576526 1.8729576526
5621.2070690230 1.8737356897
5623.5411803935 1.8745137268
5625.8752917639 1.8752917639
5628.2094031344 1.8760698010
5630.5435145048 1.8768478382
5632.8776258753 1.8776258753
5635.2117372457 1.8784039124
5637.5458486162 1.8791819495
5639.8799599867 1.8799599867
5642.2140713571 1.8807380238
5644.5481827276 1.8815160609
5646.8822940980 1.8822940980
5649.2164054685 1.8830721352
5651.5505168389 1.8838501723
5653.8846282094 1.8846282094
5656.2187395799 1.8854062465
5658.5528509503 1.8861842837
5660.8869623208 1.8869623208
5663.2210736912 1.8877403579
5665.5551850617 1.8885183950
5667.8892964321 1.8892964321
5670.2234078026 1.8900744693
5672.5575191731 1.8908525064
5674.8916305435 1.8916305435
5677.2257419140 1.8924085806
5679.5598532844 1.8931866178
5681.8939646549 1.8939646549
5684.2280760253 1.8947426920
5686.5621873958 1.8955207291
5688.8962987663 1.8962987663
5691.2304101367 1.8970768034
5693.5645215072 1.8978548405
5695.8986328776 1.8986328776
5698.2327442481 1.8994109147
5700.5668556185 1.9001889519
5702.9009669890 1.9009669890
5705.2350783595 1.9017450261
5707.5691897299 1.9025230632
5709.9033011004 1.9033011004
5712.2374124708 1.9040791375
5714.5715238413 1.9048571746
5716.9056352117 1.9056352117
5719.2397465822 1.9064132489
5721.5738579527 1.9071912860
5723.9079693231 1.9079693231
5726.2420806936 1.9087473602
5728.5761920640 1.9095253974
5730.9103034345 1.9103034345
5733.2444148049 1.9110814716
5735.5785261754 1.9118595087
5737.9126375458 1.9126375458
5740.2467489163 1.9134155830
5742.5808602868 1.9141936201
5744.9149716572 1.9149716572
5747.2490830277 1.9157496943
5749.5831943981 1.9165277315
5751.9173057686 1.9173057686
5754.2514171390 1.9180838057
5756.5855285095 1.9188618428
5758.9196398800 1.9196398800
5761.2537512504 1.9204179171
5763.5878626209 1.9211959542
5765.9219739913 1.9219739913
5768.2560853618 1.9227520285
5770.5901967322 1.9235300656
5772.9243081027 1.9243081027
5775.2584194732 1.9250861398
5777.5925308436 1.9258641769
5779.9266422141 1.9266422141
5782.2607535845 1.9274202512
5784.5948649550 1.9281982883
5786.9289763254 1.9289763254
5789.2630876959 1.9297543626
5791.5971990664 1.9305323997
5793.9313104368 1.9313104368
5796.2654218073 1.9320884739
5798.5995331777 1.9328665111
5800.9336445482 1.9336445482
5803.2677559186 1.9344225853
5805.6018672891 1.9352006224
5807.9359786596 1.9359786596
5810.2700900300 1.9367566967
5812.6042014005 1.9375347338
5814.9383127709 1.9383127709
5817.2724241414 1.9390908080
5819.6065355118 1.9398688452
5821.9406468823 1.9406468823
5824.2747582528 1.9414249194
5826.6088696232 1.9422029565
5828.9429809937 1.9429809937
5831.2770923641 1.9437590308
5833.6112037346 1.9445370679
5835.9453151050 1.9453151050
5838.2794264755 1.9460931422
5840.6135378459 1.9468711793
5842.9476492164 1.9476492164
5845.2817605869 1.9484272535
5847.6158719573 1.9492052907
5849.9499833278 1.9499833278
5852.2840946982 1.9507613649
5854.6182060687 1.9515394020
5856.9523174391 1.9523174391
5859.2864288096 1.9530954763
5861.6205401801 1.9538735134
5863.9546515505 1.9546515505
5866.2887629210 1.9554295876
5868.6228742914 1.9562076248
5870.9569856619 1.9569856619
5873.2910970323 1.9577636990
5875.6252084028 1.9585417361
5877.9593197733 1.9593197733
5880.2934311437 1.9600978104
5882.6275425142 1.9608758475
5884.9616538846 1.9616538846
5887.2957652551 1.9624319218
5889.6298766255 1.9632099589
5891.9639879960 1.9639879960
5894.2980993665 1.9647660331
5896.6322107369 1.9655440702
5898.9663221074 1.9663221074
5901.3004334778 1.9671001445
5903.6345448483 1.9678781816
5905.9686562187 1.9686562187
5908.3027675892 1.9694342559
5910.6368789597 1.9702122930
5912.9709903301 1.9709903301
5915.3051017006 1.9717683672
5917.6392130710 1.9725464044
5919.9733244415 1.9733244415
5922.3074358119 1.9741024786
5924.6415471824 1.9748805157
5926.9756585529 1.9756585529
5929.3097699233 1.9764365900
5931.6438812938 1.9772146271
5933.9779926642 1.9779926642
5936.3121040347 1.9787707013
5938.6462154051 1.9795487385
5940.9803267756 1.9803267756
5943.3144381460 1.9811048127
5945.6485495165 1.9818828498
5947.9826608870 1.9826608870
5950.3167722574 1.9834389241
5952.6508836279 1.9842169612
5954.9849949983 1.9849949983
5957.3191063688 1.9857730355
5959.6532177392 1.9865510726
5961.9873291097 1.9873291097
5964.3214404802 1.9881071468
5966.6555518506 1.9888851840
5968.9896632211 1.9896632211
5971.3237745915 1.9904412582
5973.6578859620 1.9912192953
5975.9919973324 1.9919973324
5978.3261087029 1.9927753696
5980.6602200734 1.9935534067
5982.9943314438 1.9943314438
5985.3284428143 1.9951094809
5987.6625541847 1.9958875181
5989.9966655552 1.9966655552
5992.3307769256 1.9974435923
5994.6648882961 1.9982216294
5996.9989996666 1.9989996666
5999.3331110370 1.9997777037
6001.6672224075 2.0005557408
6004.0013337779 2.0013337779
6006.3354451484 2.0021118150
6008.6695565188 2.0028898522
6011.0036678893 2.0036678893
6013.3377792598 2.0044459264
6015.6718906302 2.0052239635
6018.0060020007 2.0060020007
6020.3401133711 2.0067800378
6022.6742247416 2.0075580749
6025.0083361120 2.0083361120
6027.3424474825 2.0091141492
6029.6765588530 2.0098921863
6032.0106702234 2.0106702234
6034.3447815939 2.0114482605
6036.6788929643 2.0122262977
6039.0130043348 2.0130043348
6041.3471157052 2.0137823719
6043.6812270757 2.0145604090
6046.0153384461 2.0153384461
6048.3494498166 2.0161164833
6050.6835611871 2.0168945204
6053.0176725575 2.0176725575
6055.3517839280 2.0184505946
6057.6858952984 2.0192286318
6060.0200066689 2.0200066689
6062.3541180393 2.0207847060
6064.6882294098 2.0215627431
6067.0223407803 2.0223407803
6069.3564521507 2.0231188174
6071.6905635212 2.0238968545
6074.0246748916 2.0246748916
6076.3587862621 2.0254529288
6078.6928976325 2.0262309659
6081.0270090030 2.0270090030
6083.3611203735 2.0277870401
6085.6952317439 2.0285650772
6088.0293431144 2.0293431144
6090.3634544848 2.0301211515
6092.6975658553 2.0308991886
6095.0316772257 2.0316772257
6097.3657885962 2.0324552629
6099.6998999667 2.0332333000
6102.0340113371 2.0340113371
6104.3681227076 2.0347893742
6106.7022340780 2.0355674114
6109.0363454485 2.0363454485
6111.3704568189 2.0371234856
6113.7045681894 2.0379015227
6116.0386795599 2.0386795599
6118.3727909303 2.0394575970
6120.7069023008 2.0402356341
6123.0410136712 2.0410136712
6125.3751250417 2.0417917083
6127.7092364121 2.0425697455
6130.0433477826 2.0433477826
6132.3774591531 2.0441258197
6134.7115705235 2.0449038568
6137.0456818940 2.0456818940
6139.3797932644 2.0464599311
6141.7139046349 2.0472379682
6144.0480160053 2.0480160053
6146.3821273758 2.0487940425
6148.7162387462 2.0495720796
6151.0503501167 2.0503501167
6153.3844614872 2.0511281538
6155.7185728576 2.0519061910
6158.0526842281 2.0526842281
6160.3867955985 2.0534622652
6162.7209069690 2.0542403023
6165.0550183394 2.0550183394
6167.3891297099 2.0557963766
6169.7232410804 2.0565744137
6172.0573524508 2.0573524508
6174.3914638213 2.0581304879
6176.7255751917 2.0589085251
6179.0596865622 2.0596865622
6181.3937979326 2.0604645993
6183.7279093031 2.0612426364
6186.0620206736 2.0620206736
6188.3961320440 2.0627987107
6190.7302434145 2.0635767478
6193.0643547849 2.0643547849
6195.3984661554 2.0651328221
6197.7325775258 2.0659108592
6200.0666888963 2.0666888963
6202.4008002668 2.0674669334
6204.7349116372 2.0682449705
6207.0690230077 2.0690230077
6209.4031343781 2.0698010448
6211.7372457486 2.0705790819
6214.0713571190 2.0713571190
6216.4054684895 2.0721351562
6218.7395798600 2.0729131933
6221.0736912304 2.0736912304
6223.4078026009 2.0744692675
6225.7419139713 2.0752473047
6228.0760253418 2.0760253418
6230.4101367122 2.0768033789
6232.7442480827 2.0775814160
6235.0783594532 2.0783594532
6237.4124708236 2.0791374903
6239.7465821941 2.0799155274
6242.0806935645 2.0806935645
6244.4148049350 2.0814716016
6246.7489163054 2.0822496388
6249.0830276759 2.0830276759
6251.4171390463 2.0838057130
6253.7512504168 2.0845837501
6256.0853617873 2.0853617873
6258.4194731577 2.0861398244
6260.7535845282 2.0869178615
6263.0876958986 2.0876958986
6265.4218072691 2.0884739358
6267.7559186395 2.0892519729
6270.0900300100 2.0900300100
6272.4241413805 2.0908080471
6274.7582527509 2.0915860843
6277.0923641214 2.0923641214
6279.4264754918 2.0931421585
6281.7605868623 2.0939201956
6284.0946982327 2.0946982327
6286.4288096032 2.0954762699
6288.7629209737 2.0962543070
6291.0970323441 2.0970323441
6293.4311437146 2.0978103812
6295.7652550850 2.0985884184
6298.0993664555 2.0993664555
6300.4334778259 2.1001444926
6302.7675891964 2.1009225297
6305.1017005669 2.1017005669
6307.4358119373 2.1024786040
6309.7699233078 2.1032566411
6312.1040346782 2.1040346782
6314.4381460487 2.1048127153
6316.7722574191 2.1055907525
6319.1063687896 2.1063687896
6321.4404801601 2.1071468267
6323.7745915305 2.1079248638
6326.1087029010 2.1087029010
6328.4428142714 2.1094809381
6330.7769256419 2.1102589752
6333.1110370123 2.1110370123
6335.4451483828 2.1118150495
6337.7792597533 2.1125930866
6340.1133711237 2.1133711237
6342.4474824942 2.1141491608
6344.7815938646 2.1149271980
6347.1157052351 2.1157052351
6349.4498166055 2.1164832722
6351.7839279760 2.1172613093
6354.1180393464 2.1180393464
6356.4521507169 2.1188173836
6358.7862620874 2.1195954207
6361.1203734578 2.1203734578
6363.4544848283 2.1211514949
6365.7885961987 2.1219295321
6368.1227075692 2.1227075692
6370.4568189396 2.1234856063
6372.7909303101 2.1242636434
6375.1250416806 2.1250416806
6377.4591530510 2.1258197177
6379.7932644215 2.1265977548
6382.1273757919 2.1273757919
6384.4614871624 2.1281538291
6386.7955985328 2.1289318662
6389.1297099033 2.1297099033
6391.4638212738 2.1304879404
6393.7979326442 2.1312659775
6396.1320440147 2.1320440147
6398.4661553851 2.1328220518
6400.8002667556 2.1336000889
6403.1343781260 2.1343781260
6405.4684894965 2.1351561632
6407.8026008670 2.1359342003
6410.1367122374 2.1367122374
6412.4708236079 2.1374902745
6414.8049349783 2.1382683117
6417.1390463488 2.1390463488
6419.4731577192 2.1398243859
6421.8072690897 2.1406024230
6424.1413804602 2.1413804602
6426.4754918306 2.1421584973
6428.8096032011 2.1429365344
6431.1437145715 2.1437145715
6433.4778259420 2.1444926086
6435.8119373124 2.1452706458
6438.1460486829 2.1460486829
6440.4801600534 2.1468267200
6442.8142714238 2.1476047571
6445.1483827943 2.1483827943
6447.4824941647 2.1491608314
6449.8166055352 2.1499388685
6452.1507169056 2.1507169056
6454.4848282761 2.1514949428
6456.8189396465 2.1522729799
6459.1530510170 2.1530510170
6461.4871623875 2.1538290541
6463.8212737579 2.1546070913
6466.1553851284 2.1553851284
6468.4894964988 2.1561631655
6470.8236078693 2.1569412026
6473.1577192397 2.1577192397
6475.4918306102 2.1584972769
6477.8259419807 2.1592753140
6480.1600533511 2.1600533511
6482.4941647216 2.1608313882
6484.8282760920 2.1616094254
6487.1623874625 2.1623874625
6489.4964988329 2.1631654996
6491.8306102034 2.1639435367
6494.1647215739 2.1647215739
6496.4988329443 2.1654996110
6498.8329443148 2.1662776481
6501.1670556852 2.1670556852
6503.5011670557 2.1678337224
6505.8352784261 2.1686117595
6508.1693897966 2.1693897966
6510.5035011671 2.1701678337
6512.8376125375 2.1709458708
6515.1717239080 2.1717239080
6517.5058352784 2.1725019451
6519.8399466489 2.1732799822
6522.1740580193 2.1740580193
6524.5081693898 2.1748360565
6526.8422807603 2.1756140936
6529.1763921307 2.1763921307
6531.5105035012 2.1771701678
6533.8446148716 2.1779482050
6536.1787262421 2.1787262421
6538.5128376125 2.1795042792
6540.8469489830 2.1802823163
6543.1810603535 2.1810603535
6545.5151717239 2.1818383906
6547.8492830944 2.1826164277
6550.1833944648 2.1833944648
6552.5175058353 2.1841725019
6554.8516172057 2.1849505391
6557.1857285762 2.1857285762
6559.5198399466 2.1865066133
6561.8539513171 2.1872846504
6564.1880626876 2.1880626876
6566.5221740580 2.1888407247
6568.8562854285 2.1896187618
6571.1903967989 2.1903967989
6573.5245081694 2.1911748361
6575.8586195398 2.1919528732
6578.1927309103 2.1927309103
6580.5268422808 2.1935089474
6582.8609536512 2.1942869846
6585.1950650217 2.1950650217
6587.5291763921 2.1958430588
6589.8632877626 2.1966210959
6592.1973991330 2.1973991330
6594.5315105035 2.1981771702
6596.8656218740 2.1989552073
6599.1997332444 2.1997332444
6601.5338446149 2.2005112815
6603.8679559853 2.2012893187
6606.2020673558 2.2020673558
6608.5361787262 2.2028453929
6610.8702900967 2.2036234300
6613.2044014672 2.2044014672
6615.5385128376 2.2051795043
6617.8726242081 2.2059575414
6620.2067355785 2.2067355785
6622.5408469490 2.2075136156
6624.8749583194 2.2082916528
6627.2090696899 2.2090696899
6629.5431810604 2.2098477270
6631.8772924308 2.2106257641
6634.2114038013 2.2114038013
6636.5455151717 2.2121818384
6638.8796265422 2.2129598755
6641.2137379126 2.2137379126
6643.5478492831 2.2145159498
6645.8819606536 2.2152939869
6648.2160720240 2.2160720240
6650.5501833945 2.2168500611
6652.8842947649 2.2176280983
6655.2184061354 2.2184061354
6657.5525175058 2.2191841725
6659.8866288763 2.2199622096
6662.2207402467 2.2207402467
6664.5548516172 2.2215182839
6666.8889629877 2.2222963210
6669.2230743581 2.2230743581
6671.5571857286 2.2238523952
6673.8912970990 2.2246304324
6676.2254084695 2.2254084695
6678.5595198399 2.2261865066
6680.8936312104 2.2269645437
6683.2277425809 2.2277425809
6685.5618539513 2.2285206180
6687.8959653218 2.2292986551
6690.2300766922 2.2300766922
6692.5641880627 2.2308547294
6694.8982994331 2.2316327665
6697.2324108036 2.2324108036
6699.5665221741 2.2331888407
6701.9006335445 2.2339668778
6704.2347449150 2.2347449150
6706.5688562854 2.2355229521
6708.9029676559 2.2363009892
6711.2370790263 2.2370790263
6713.5711903968 2.2378570635
6715.9053017673 2.2386351006
6718.2394131377 2.2394131377
6720.5735245082 2.2401911748
6722.9076358786 2.2409692120
6725.2417472491 2.2417472491
6727.5758586195 2.2425252862
6729.9099699900 2.2433033233
6732.2440813605 2.2440813605
6734.5781927309 2.2448593976
6736.9123041014 2.2456374347
6739.2464154718 2.2464154718
6741.5805268423 2.2471935089
6743.9146382127 2.2479715461
6746.2487495832 2.2487495832
6748.5828609537 2.2495276203
6750.9169723241 2.2503056574
6753.2510836946 2.2510836946
6755.5851950650 2.2518617317
6757.9193064355 2.2526397688
6760.2534178059 2.2534178059
6762.5875291764 2.2541958431
6764.9216405468 2.2549738802
6767.2557519173 2.2557519173
6769.5898632878 2.2565299544
6771.9239746582 2.2573079916
6774.2580860287 2.2580860287
6776.5921973991 2.2588640658
6778.9263087696 2.2596421029
6781.2604201400 2.2604201400
6783.5945315105 2.2611981772
6785.9286428810 2.2619762143
6788.2627542514 2.2627542514
6790.5968656219 2.2635322885
6792.9309769923 2.2643103257
6795.2650883628 2.2650883628
6797.5991997332 2.2658663999
6799.9333111037 2.2666444370
6802.2674224742 2.2674224742
6804.6015338446 2.2682005113
6806.9356452151 2.2689785484
6809.2697565855 2.2697565855
6811.6038679560 2.2705346227
6813.9379793264 2.2713126598
6816.2720906969 2.2720906969
6818.6062020674 2.2728687340
6820.9403134378 2.2736467711
6823.2744248083 2.2744248083
6825.6085361787 2.2752028454
6827.9426475492 2.2759808825
6830.2767589196 2.2767589196
6832.6108702901 2.2775369568
6834.9449816606 2.2783149939
6837.2790930310 2.2790930310
6839.6132044015 2.2798710681
6841.9473157719 2.2806491053
6844.2814271424 2.2814271424
6846.6155385128 2.2822051795
6848.9496498833 2.2829832166
6851.2837612538 2.2837612538
6853.6178726242 2.2845392909
6855.9519839947 2.2853173280
6858.2860953651 2.2860953651
6860.6202067356 2.2868734022
6862.9543181060 2.2876514394
6865.2884294765 2.2884294765
6867.6225408469 2.2892075136
6869.9566522174 2.2899855507
6872.2907635879 2.2907635879
6874.6248749583 2.2915416250
6876.9589863288 2.2923196621
6879.2930976992 2.2930976992
6881.6272090697 2.2938757364
6883.9613204401 2.2946537735
6886.2954318106 2.2954318106
6888.6295431811 2.2962098477
6890.9636545515 2.2969878849
6893.2977659220 2.2977659220
6895.6318772924 2.2985439591
6897.9659886629 2.2993219962
6900.3001000333 2.3001000333
6902.6342114038 2.3008780705
6904.9683227743 2.3016561076
6907.3024341447 2.3024341447
6909.6365455152 2.3032121818
6911.9706568856 2.3039902190
6914.3047682561 2.3047682561
6916.6388796265 2.3055462932
6918.9729909970 2.3063243303
6921.3071023675 2.3071023675
6923.6412137379 2.3078804046
6925.9753251084 2.3086584417
6928.3094364788 2.3094364788
6930.6435478493 2.3102145159
6932.9776592197 2.3109925531
6935.3117705902 2.3117705902
6937.6458819607 2.3125486273
6939.9799933311 2.3133266644
6942.3141047016 2.3141047016
6944.6482160720 2.3148827387
6946.9823274425 2.3156607758
6949.3164388129 2.3164388129
6951.6505501834 2.3172168501
6953.9846615539 2.3179948872
6956.3187729243 2.3187729243
6958.6528842948 2.3195509614
6960.9869956652 2.3203289986
6963.3211070357 2.3211070357
6965.6552184061 2.3218850728
6967.9893297766 2.3226631099
6970.3234411470 2.3234411470
6972.6575525175 2.3242191842
6974.9916638880 2.3249972213
6977.3257752584 2.3257752584
6979.6598866289 2.3265532955
6981.9939979993 2.3273313327
6984.3281093698 2.3281093698
6986.6622207402 2.3288874069
6988.9963321107 2.3296654440
6991.3304434812 2.3304434812
6993.6645548516 2.3312215183
6995.9986662221 2.3319995554
6998.3327775925 2.3327775925
7000.6668889630 2.3335556297
7003.0010003334 2.3343336668
7005.3351117039 2.3351117039
7007.6692230744 2.3358897410
7010.0033344448 2.3366677781
7012.3374458153 2.3374458153
7014.6715571857 2.3382238524
7017.0056685562 2.3390018895
7019.3397799266 2.3397799266
7021.6738912971 2.3405579638
7024.0080026676 2.3413360009
7026.3421140380 2.3421140380
7028.6762254085 2.3428920751
7031.0103367789 2.3436701123
7033.3444481494 2.3444481494
7035.6785595198 2.3452261865
7038.0126708903 2.3460042236
7040.3467822608 2.3467822608
7042.6808936312 2.3475602979
7045.0150050017 2.3483383350
7047.3491163721 2.3491163721
7049.6832277426 2.3498944092
7052.0173391130 2.3506724464
7054.3514504835 2.3514504835
7056.6855618540 2.3522285206
7059.0196732244 2.3530065577
7061.3537845949 2.3537845949
7063.6878959653 2.3545626320
7066.0220073358 2.3553406691
7068.3561187062 2.3561187062
7070.6902300767 2.3568967434
7073.0243414471 2.3576747805
7075.3584528176 2.3584528176
7077.6925641881 2.3592308547
7080.0266755585 2.3600088919
7082.3607869290 2.3607869290
7084.6948982994 2.3615649661
7087.0290096699 2.3623430032
7089.3631210403 2.3631210403
7091.6972324108 2.3638990775
7094.0313437813 2.3646771146
7096.3654551517 2.3654551517
7098.6995665222 2.3662331888
7101.0336778926 2.3670112260
7103.3677892631 2.3677892631
7105.7019006335 2.3685673002
7108.0360120040 2.3693453373
7110.3701233745 2.3701233745
7112.7042347449 2.3709014116
7115.0383461154 2.3716794487
7117.3724574858 2.3724574858
7119.7065688563 2.3732355230
7122.0406802267 2.3740135601
7124.3747915972 2.3747915972
7126.7089029677 2.3755696343
7129.0430143381 2.3763476714
7131.3771257086 2.3771257086
7133.7112370790 2.3779037457
7136.0453484495 2.3786817828
7138.3794598199 2.3794598199
7140.7135711904 2.3802378571
7143.0476825609 2.3810158942
7145.3817939313 2.3817939313
7147.7159053018 2.3825719684
7150.0500166722 2.3833500056
7152.3841280427 2.3841280427
7154.7182394131 2.3849060798
7157.0523507836 2.3856841169
7159.3864621541 2.3864621541
7161.7205735245 2.3872401912
7164.0546848950 2.3880182283
7166.3887962654 2.3887962654
7168.7229076359 2.3895743025
7171.0570190063 2.3903523397
7173.3911303768 2.3911303768
7175.7252417472 2.3919084139
7178.0593531177 2.3926864510
7180.3934644882 2.3934644882
7182.7275758586 2.3942425253
7185.0616872291 2.3950205624
7187.3957985995 2.3957985995
7189.7299099700 2.3965766367
7192.0640213404 2.3973546738
7194.3981327109 2.3981327109
7196.7322440814 2.3989107480
7199.0663554518 2.3996887852
7201.4004668223 2.4004668223
7203.7345781927 2.4012448594
7206.0686895632 2.4020228965
7208.4028009336 2.4028009336
7210.7369123041 2.4035789708
7213.0710236746 2.4043570079
7215.4051350450 2.4051350450
7217.7392464155 2.4059130821
7220.0733577859 2.4066911193
7222.4074691564 2.4074691564
7224.7415805268 2.4082471935
7227.0756918973 2.4090252306
7229.4098032678 2.4098032678
7231.7439146382 2.4105813049
7234.0780260087 2.4113593420
7236.4121373791 2.4121373791
7238.7462487496 2.4129154162
7241.0803601200 2.4136934534
7243.4144714905 2.4144714905
7245.7485828610 2.4152495276
7248.0826942314 2.4160275647
7250.4168056019 2.4168056019
7252.7509169723 2.4175836390
7255.0850283428 2.4183616761
7257.4191397132 2.4191397132
7259.7532510837 2.4199177504
7262.0873624542 2.4206957875
7264.4214738246 2.4214738246
7266.7555851951 2.4222518617
7269.0896965655 2.4230298989
7271.4238079360 2.4238079360
7273.7579193064 2.4245859731
7276.0920306769 2.4253640102
7278.4261420473 2.4261420473
7280.7602534178 2.4269200845
7283.0943647883 2.4276981216
7285.4284761587 2.4284761587
7287.7625875292 2.4292541958
7290.0966988996 2.4300322330
7292.4308102701 2.4308102701
7294.7649216405 2.4315883072
7297.0990330110 2.4323663443
7299.4331443815 2.4331443815
7301.7672557519 2.4339224186
7304.1013671224 2.4347004557
7306.4354784928 2.4354784928
7308.7695898633 2.4362565300
7311.1037012337 2.4370345671
7313.4378126042 2.4378126042
7315.7719239747 2.4385906413
7318.1060353451 2.4393686784
7320.4401467156 2.4401467156
7322.7742580860 2.4409247527
7325.1083694565 2.4417027898
7327.4424808269 2.4424808269
7329.7765921974 2.4432588641
7332.1107035679 2.4440369012
7334.4448149383 2.4448149383
7336.7789263088 2.4455929754
7339.1130376792 2.4463710126
7341.4471490497 2.4471490497
7343.7812604201 2.4479270868
7346.1153717906 2.4487051239
7348.4494831611 2.4494831611
7350.7835945315 2.4502611982
7353.1177059020 2.4510392353
7355.4518172724 2.4518172724
7357.7859286429 2.4525953095
7360.1200400133 2.4533733467
7362.4541513838 2.4541513838
7364.7882627543 2.4549294209
7367.1223741247 2.4557074580
7369.4564854952 2.4564854952
7371.7905968656 2.4572635323
7374.1247082361 2.4580415694
7376.4588196065 2.4588196065
7378.7929309770 2.4595976437
7381.1270423474 2.4603756808
7383.4611537179 2.4611537179
7385.7952650884 2.4619317550
7388.1293764588 2.4627097922
7390.4634878293 2.4634878293
7392.7975991997 2.4642658664
7395.1317105702 2.4650439035
7397.4658219406 2.4658219406
7399.7999333111 2.4665999778
7402.1340446816 2.4673780149
7404.4681560520 2.4681560520
7406.8022674225 2.4689340891
7409.1363787929 2.4697121263
7411.4704901634 2.4704901634
7413.8046015338 2.4712682005
7416.1387129043 2.4720462376
7418.4728242748 2.4728242748
7420.8069356452 2.4736023119
7423.1410470157 2.4743803490
7425.4751583861 2.4751583861
7427.8092697566 2.4759364233
7430.1433811270 2.4767144604
7432.4774924975 2.4774924975
7434.8116038680 2.4782705346
7437.1457152384 2.4790485717
7439.4798266089 2.4798266089
7441.8139379793 2.4806046460
7444.1480493498 2.4813826831
7446.4821607202 2.4821607202
7448.8162720907 2.4829387574
7451.1503834612 2.4837167945
7453.4844948316 2.4844948316
7455.8186062021 2.4852728687
7458.1527175725 2.4860509059
7460.4868289430 2.4868289430
7462.8209403134 2.4876069801
7465.1550516839 2.4883850172
7467.4891630544 2.4891630544
7469.8232744248 2.4899410915
7472.1573857953 2.4907191286
7474.4914971657 2.4914971657
7476.8256085362 2.4922752028
7479.1597199066 2.4930532400
7481.4938312771 2.4938312771
7483.8279426475 2.4946093142
7486.1620540180 2.4953873513
7488.4961653885 2.4961653885
7490.8302767589 2.4969434256
7493.1643881294 2.4977214627
7495.4984994998 2.4984994998
7497.8326108703 2.4992775370
7500.1667222407 2.5000555741
7502.5008336112 2.5008336112
7504.8349449817 2.5016116483
7507.1690563521 2.5023896855
7509.5031677226 2.5031677226
7511.8372790930 2.5039457597
7514.1713904635 2.5047237968
7516.5055018339 2.5055018339
7518.8396132044 2.5062798711
7521.1737245749 2.5070579082
7523.5078359453 2.5078359453
7525.8419473158 2.5086139824
7528.1760586862 2.5093920196
7530.5101700567 2.5101700567
7532.8442814271 2.5109480938
7535.1783927976 2.5117261309
7537.5125041681 2.5125041681
7539.8466155385 2.5132822052
7542.1807269090 2.5140602423
7544.5148382794 2.5148382794
7546.8489496499 2.5156163165
7549.1830610203 2.5163943537
7551.5171723908 2.5171723908
7553.8512837613 2.5179504279
7556.1853951317 2.5187284650
7558.5195065022 2.5195065022
7560.8536178726 2.5202845393
7563.1877292431 2.5210625764
7565.5218406135 2.5218406135
7567.8559519840 2.5226186507
7570.1900633545 2.5233966878
7572.5241747249 2.5241747249
7574.8582860954 2.5249527620
7577.1923974658 2.5257307992
7579.5265088363 2.5265088363
7581.8606202067 2.5272868734
7584.1947315772 2.5280649105
7586.5288429476 2.5288429476
7588.8629543181 2.5296209848
7591.1970656886 2.5303990219
7593.5311770590 2.5311770590
7595.8652884295 2.5319550961
7598.1993997999 2.5327331333
7600.5335111704 2.5335111704
7602.8676225408 2.5342892075
7605.2017339113 2.5350672446
7607.5358452818 2.5358452818
7609.8699566522 2.5366233189
7612.2040680227 2.5374013560
7614.5381793931 2.5381793931
7616.8722907636 2.5389574303
7619.2064021340 2.5397354674
7621.5405135045 2.5405135045
7623.8746248750 2.5412915416
7626.2087362454 2.5420695787
7628.5428476159 2.5428476159
7630.8769589863 2.5436256530
7633.2110703568 2.5444036901
7635.5451817272 2.5451817272
7637.8792930977 2.5459597644
7640.2134044682 2.5467378015
7642.5475158386 2.5475158386
7644.8816272091 2.5482938757
7647.2157385795 2.5490719129
7649.5498499500 2.5498499500
7651.8839613204 2.5506279871
7654.2180726909 2.5514060242
7656.5521840614 2.5521840614
7658.8862954318 2.5529620985
7661.2204068023 2.5537401356
7663.5545181727 2.5545181727
7665.8886295432 2.5552962098
7668.2227409136 2.5560742470
7670.5568522841 2.5568522841
7672.8909636546 2.5576303212
7675.2250750250 2.5584083583
7677.5591863955 2.5591863955
7679.8932977659 2.5599644326
7682.2274091364 2.5607424697
7684.5615205068 2.5615205068
7686.8956318773 2.5622985440
7689.2297432477 2.5630765811
7691.5638546182 2.5638546182
7693.8979659887 2.5646326553
7696.2320773591 2.5654106925
7698.5661887296 2.5661887296
7700.9003001000 2.5669667667
7703.2344114705 2.5677448038
7705.5685228409 2.5685228409
7707.9026342114 2.5693008781
7710.2367455819 2.5700789152
7712.5708569523 2.5708569523
7714.9049683228 2.5716349894
7717.2390796932 2.5724130266
7719.5731910637 2.5731910637
7721.9073024341 2.5739691008
7724.2414138046 2.5747471379
7726.5755251751 2.5755251751
7728.9096365455 2.5763032122
7731.2437479160 2.5770812493
7733.5778592864 2.5778592864
7735.9119706569 2.5786373236
7738.2460820273 2.5794153607
7740.5801933978 2.5801933978
7742.9143047683 2.5809714349
7745.2484161387 2.5817494720
7747.5825275092 2.5825275092
7749.9166388796 2.5833055463
7752.2507502501 2.5840835834
7754.5848616205 2.5848616205
7756.9189729910 2.5856396577
7759.2530843615 2.5864176948
7761.5871957319 2.5871957319
7763.9213071024 2.5879737690
7766.2554184728 2.5887518062
7768.5895298433 2.5895298433
7770.9236412137 2.5903078804
7773.2577525842 2.5910859175
7775.5918639547 2.5918639547
7777.9259753251 2.5926419918
7780.2600866956 2.5934200289
7782.5941980660 2.5941980660
7784.9283094365 2.5949761031
7787.2624208069 2.5957541403
7789.5965321774 2.5965321774
7791.9306435478 2.5973102145
7794.2647549183 2.5980882516
7796.5988662888 2.5988662888
7798.9329776592 2.5996443259
7801.2670890297 2.6004223630
7803.6012004001 2.6012004001
7805.9353117706 2.6019784373
7808.2694231410 2.6027564744
7810.6035345115 2.6035345115
7812.9376458820 2.6043125486
7815.2717572524 2.6050905858
7817.6058686229 2.6058686229
7819.9399799933 2.6066466600
7822.2740913638 2.6074246971
7824.6082027342 2.6082027342
7826.9423141047 2.6089807714
7829.2764254752 2.6097588085
7831.6105368456 2.6105368456
7833.9446482161 2.6113148827
7836.2787595865 2.6120929199
7838.6128709570 2.6128709570
7840.9469823274 2.6136489941
7843.2810936979 2.6144270312
7845.6152050684 2.6152050684
7847.9493164388 2.6159831055
7850.2834278093 2.6167611426
7852.6175391797 2.6175391797
7854.9516505502 2.6183172169
7857.2857619206 2.6190952540
7859.6198732911 2.6198732911
7861.9539846616 2.6206513282
7864.2880960320 2.6214293653
7866.6222074025 2.6222074025
7868.9563187729 2.6229854396
7871.2904301434 2.6237634767
7873.6245415138 2.6245415138
7875.9586528843 2.6253195510
7878.2927642548 2.6260975881
7880.6268756252 2.6268756252
7882.9609869957 2.6276536623
7885.2950983661 2.6284316995
7887.6292097366 2.6292097366
7889.9633211070 2.6299877737
7892.2974324775 2.6307658108
7894.6315438479 2.6315438479
7896.9656552184 2.6323218851
7899.2997665889 2.6330999222
7901.6338779593 2.6338779593
7903.9679893298 2.6346559964
7906.3021007002 2.6354340336
7908.6362120707 2.6362120707
7910.9703234411 2.6369901078
7913.3044348116 2.6377681449
7915.6385461821 2.6385461821
7917.9726575525 2.6393242192
7920.3067689230 2.6401022563
7922.6408802934 2.6408802934
7924.9749916639 2.6416583306
7927.3091030343 2.6424363677
7929.6432144048 2.6432144048
7931.9773257753 2.6439924419
7934.3114371457 2.6447704790
7936.6455485162 2.6455485162
7938.9796598866 2.6463265533
7941.3137712571 2.6471045904
7943.6478826275 2.6478826275
7945.9819939980 2.6486606647
7948.3161053685 2.6494387018
7950.6502167389 2.6502167389
7952.9843281094 2.6509947760
7955.3184394798 2.6517728132
7957.6525508503 2.6525508503
7959.9866622207 2.6533288874
7962.3207735912 2.6541069245
7964.6548849617 2.6548849617
7966.9889963321 2.6556629988
7969.3231077026 2.6564410359
7971.6572190730 2.6572190730
7973.9913304435 2.6579971101
7976.3254418139 2.6587751473
7978.6595531844 2.6595531844
7980.9936645549 2.6603312215
7983.3277759253 2.6611092586
7985.6618872958 2.6618872958
7987.9959986662 2.6626653329
7990.3301100367 2.6634433700
7992.6642214071 2.6642214071
7994.9983327776 2.6649994443
7997.3324441480 2.6657774814
7999.6665555185 2.6665555185
8002.0006668890 2.6673335556
8004.3347782594 2.6681115928
8006.6688896299 2.6688896299
8009.0030010003 2.6696676670
8011.3371123708 2.6704457041
8013.6712237412 2.6712237412
8016.0053351117 2.6720017784
8018.3394464822 2.6727798155
8020.6735578526 2.6735578526
8023.0076692231 2.6743358897
8025.3417805935 2.6751139269
8027.6758919640 2.6758919640
8030.0100033344 2.6766700011
8032.3441147049 2.6774480382
8034.6782260754 2.6782260754
8037.0123374458 2.6790041125
8039.3464488163 2.6797821496
8041.6805601867 2.6805601867
8044.0146715572 2.6813382239
8046.3487829276 2.6821162610
8048.6828942981 2.6828942981
8051.0170056686 2.6836723352
8053.3511170390 2.6844503723
8055.6852284095 2.6852284095
8058.0193397799 2.6860064466
8060.3534511504 2.6867844837
8062.6875625208 2.6875625208
8065.0216738913 2.6883405580
8067.3557852618 2.6891185951
8069.6898966322 2.6898966322
8072.0240080027 2.6906746693
8074.3581193731 2.6914527065
8076.6922307436 2.6922307436
8079.0263421140 2.6930087807
8081.3604534845 2.6937868178
8083.6945648550 2.6945648550
8086.0286762254 2.6953428921
8088.3627875959 2.6961209292
8090.6968989663 2.6968989663
8093.0310103368 2.6976770034
8095.3651217072 2.6984550406
8097.6992330777 2.6992330777
8100.0333444481 2.7000111148
8102.3674558186 2.7007891519
8104.7015671891 2.7015671891
8107.0356785595 2.7023452262
8109.3697899300 2.7031232633
8111.7039013004 2.7039013004
8114.0380126709 2.7046793376
8116.3721240413 2.7054573747
8118.7062354118 2.7062354118
8121.0403467823 2.7070134489
8123.3744581527 2.7077914861
8125.7085695232 2.7085695232
8128.0426808936 2.7093475603
8130.3767922641 2.7101255974
8132.7109036345 2.7109036345
8135.0450150050 2.7116816717
8137.3791263755 2.7124597088
8139.7132377459 2.7132377459
8142.0473491164 2.7140157830
8144.3814604868 2.7147938202
8146.7155718573 2.7155718573
8149.0496832277 2.7163498944
8151.3837945982 2.7171279315
8153.7179059687 2.7179059687
8156.0520173391 2.7186840058
8158.3861287096 2.7194620429
8160.7202400800 2.7202400800
8163.0543514505 2.7210181172
8165.3884628209 2.7217961543
8167.7225741914 2.7225741914
8170.0566855619 2.7233522285
8172.3907969323 2.7241302656
8174.7249083028 2.7249083028
8177.0590196732 2.7256863399
8179.3931310437 2.7264643770
8181.7272424141 2.7272424141
8184.0613537846 2.7280204513
8186.3954651551 2.7287984884
8188.7295765255 2.7295765255
8191.0636878960 2.7303545626
8193.3977992664 2.7311325998
8195.7319106369 2.7319106369
8198.0660220073 2.7326886740
8200.4001333778 2.7334667111
8202.7342447482 2.7342447482
8205.0683561187 2.7350227854
8207.4024674892 2.7358008225
8209.7365788596 2.7365788596
8212.0706902301 2.7373568967
8214.4048016005 2.7381349339
8216.7389129710 2.7389129710
8219.0730243414 2.7396910081
8221.4071357119 2.7404690452
8223.7412470824 2.7412470824
8226.0753584528 2.7420251195
8228.4094698233 2.7428031566
8230.7435811937 2.7435811937
8233.0776925642 2.7443592309
8235.4118039346 2.7451372680
8237.7459153051 2.7459153051
8240.0800266756 2.7466933422
8242.4141380460 2.7474713793
8244.7482494165 2.7482494165
8247.0823607869 2.7490274536
8249.4164721574 2.7498054907
8251.7505835278 2.7505835278
8254.0846948983 2.7513615650
8256.4188062688 2.7521396021
8258.7529176392 2.7529176392
8261.0870290097 2.7536956763
8263.4211403801 2.7544737135
8265.7552517506 2.7552517506
8268.0893631210 2.7560297877
8270.4234744915 2.7568078248
8272.7575858620 2.7575858620
8275.0916972324 2.7583638991
8277.4258086029 2.7591419362
8279.7599199733 2.7599199733
8282.0940313438 2.7606980104
8284.4281427142 2.7614760476
8286.7622540847 2.7622540847
8289.0963654552 2.7630321218
8291.4304768256 2.7638101589
8293.7645881961 2.7645881961
8296.0986995665 2.7653662332
8298.4328109370 2.7661442703
8300.7669223074 2.7669223074
8303.1010336779 2.7677003446
8305.4351450484 2.7684783817
8307.7692564188 2.7692564188
8310.1033677893 2.7700344559
8312.4374791597 2.7708124931
8314.7715905302 2.7715905302
8317.1057019006 2.7723685673
8319.4398132711 2.7731466044
8321.7739246415 2.7739246415
8324.1080360120 2.7747026787
8326.4421473825 2.7754807158
8328.7762587529 2.7762587529
8331.1103701234 2.7770367900
8333.4444814938 2.7778148272
8335.7785928643 2.7785928643
8338.1127042347 2.7793709014
8340.4468156052 2.7801489385
8342.7809269757 2.7809269757
8345.1150383461 2.7817050128
8347.4491497166 2.7824830499
8349.7832610870 2.7832610870
8352.1173724575 2.7840391242
8354.4514838279 2.7848171613
8356.7855951984 2.7855951984
8359.1197065689 2.7863732355
8361.4538179393 2.7871512726
8363.7879293098 2.7879293098
8366.1220406802 2.7887073469
8368.4561520507 2.7894853840
8370.7902634211 2.7902634211
8373.1243747916 2.7910414583
8375.4584861621 2.7918194954
8377.7925975325 2.7925975325
8380.1267089030 2.7933755696
8382.4608202734 2.7941536068
8384.7949316439 2.7949316439
8387.1290430143 2.7957096810
8389.4631543848 2.7964877181
8391.7972657553 2.7972657553
8394.1313771257 2.7980437924
8396.4654884962 2.7988218295
8398.7995998666 2.7995998666
8401.1337112371 2.8003779037
8403.4678226075 2.8011559409
8405.8019339780 2.8019339780
8408.1360453484 2.8027120151
8410.4701567189 2.8034900522
8412.8042680894 2.8042680894
8415.1383794598 2.8050461265
8417.4724908303 2.8058241636
8419.8066022007 2.8066022007
8422.1407135712 2.8073802379
8424.4748249416 2.8081582750
8426.8089363121 2.8089363121
8429.1430476826 2.8097143492
8431.4771590530 2.8104923864
8433.8112704235 2.8112704235
8436.1453817939 2.8120484606
8438.4794931644 2.8128264977
8440.8136045348 2.8136045348
8443.1477159053 2.8143825720
8445.4818272758 2.8151606091
8447.8159386462 2.8159386462
8450.1500500167 2.8167166833
8452.4841613871 2.8174947205
8454.8182727576 2.8182727576
8457.1523841280 2.8190507947
8459.4864954985 2.8198288318
8461.8206068690 2.8206068690
8464.1547182394 2.8213849061
8466.4888296099 2.8221629432
8468.8229409803 2.8229409803
8471.1570523508 2.8237190175
8473.4911637212 2.8244970546
8475.8252750917 2.8252750917
8478.1593864622 2.8260531288
8480.4934978326 2.8268311659
8482.8276092031 2.8276092031
8485.1617205735 2.8283872402
8487.4958319440 2.8291652773
8489.8299433144 2.8299433144
8492.1640546849 2.8307213516
8494.4981660554 2.8314993887
8496.8322774258 2.8322774258
8499.1663887963 2.8330554629
8501.5005001667 2.8338335001
8503.8346115372 2.8346115372
8506.1687229076 2.8353895743
8508.5028342781 2.8361676114
8510.8369456485 2.8369456485
8513.1710570190 2.8377236857
8515.5051683895 2.8385017228
8517.8392797599 2.8392797599
8520.1733911304 2.8400577970
8522.5075025008 2.8408358342
8524.8416138713 2.8416138713
8527.1757252417 2.8423919084
8529.5098366122 2.8431699455
8531.8439479827 2.8439479827
8534.1780593531 2.8447260198
8536.5121707236 2.8455040569
8538.8462820940 2.8462820940
8541.1803934645 2.8470601312
8543.5145048349 2.8478381683
8545.8486162054 2.8486162054
8548.1827275759 2.8493942425
8550.5168389463 2.8501722796
8552.8509503168 2.8509503168
8555.1850616872 2.8517283539
8557.5191730577 2.8525063910
8559.8532844281 2.8532844281
8562.1873957986 2.8540624653
8564.5215071691 2.8548405024
8566.8556185395 2.8556185395
8569.1897299100 2.8563965766
8571.5238412804 2.8571746138
8573.8579526509 2.8579526509
8576.1920640213 2.8587306880
8578.5261753918 2.8595087251
8580.8602867623 2.8602867623
8583.1943981327 2.8610647994
8585.5285095032 2.8618428365
8587.8626208736 2.8626208736
8590.1967322441 2.8633989107
8592.5308436145 2.8641769479
8594.8649549850 2.8649549850
8597.1990663555 2.8657330221
8599.5331777259 2.8665110592
8601.8672890964 2.8672890964
8604.2014004668 2.8680671335
8606.5355118373 2.8688451706
8608.8696232077 2.8696232077
8611.2037345782 2.8704012449
8613.5378459486 2.8711792820
8615.8719573191 2.8719573191
8618.2060686896 2.8727353562
8620.5401800600 2.8735133934
8622.8742914305 2.8742914305
8625.2084028009 2.8750694676
8627.5425141714 2.8758475047
8629.8766255418 2.8766255418
8632.2107369123 2.8774035790
8634.5448482828 2.8781816161
8636.8789596532 2.8789596532
8639.2130710237 2.8797376903
8641.5471823941 2.8805157275
8643.8812937646 2.8812937646
8646.2154051350 2.8820718017
8648.5495165055 2.8828498388
8650.8836278760 2.8836278760
8653.2177392464 2.8844059131
8655.5518506169 2.8851839502
8657.8859619873 2.8859619873
8660.2200733578 2.8867400245
8662.5541847282 2.8875180616
8664.8882960987 2.8882960987
8667.2224074692 2.8890741358
8669.5565188396 2.8898521729
8671.8906302101 2.8906302101
8674.2247415805 2.8914082472
8676.5588529510 2.8921862843
8678.8929643214 2.8929643214
8681.2270756919 2.8937423586
8683.5611870624 2.8945203957
8685.8952984328 2.8952984328
8688.2294098033 2.8960764699
8690.5635211737 2.8968545071
8692.8976325442 2.8976325442
8695.2317439146 2.8984105813
8697.5658552851 2.8991886184
8699.8999666556 2.8999666556
8702.2340780260 2.9007446927
8704.5681893965 2.9015227298
8706.9023007669 2.9023007669
8709.2364121374 2.9030788040
8711.5705235078 2.9038568412
8713.9046348783 2.9046348783
8716.2387462487 2.9054129154
8718.5728576192 2.9061909525
8720.9069689897 2.9069689897
8723.2410803601 2.9077470268
8725.5751917306 2.9085250639
8727.9093031010 2.9093031010
8730.2434144715 2.9100811382
8732.5775258419 2.9108591753
8734.9116372124 2.9116372124
8737.2457485829 2.9124152495
8739.5798599533 2.9131932867
8741.9139713238 2.9139713238
8744.2480826942 2.9147493609
8746.5821940647 2.9155273980
8748.9163054351 2.9163054351
8751.2504168056 2.9170834723
8753.5845281761 2.9178615094
8755.9186395465 2.9186395465
8758.2527509170 2.9194175836
8760.5868622874 2.9201956208
8762.9209736579 2.9209736579
8765.2550850283 2.9217516950
8767.5891963988 2.9225297321
8769.9233077693 2.9233077693
8772.2574191397 2.9240858064
8774.5915305102 2.9248638435
8776.9256418806 2.9256418806
8779.2597532511 2.9264199178
8781.5938646215 2.9271979549
8783.9279759920 2.9279759920
8786.2620873625 2.9287540291
8788.5961987329 2.9295320662
8790.9303101034 2.9303101034
8793.2644214738 2.9310881405
8795.5985328443 2.9318661776
8797.9326442147 2.9326442147
8800.2667555852 2.9334222519
8802.6008669557 2.9342002890
8804.9349783261 2.9349783261
8807.2690896966 2.9357563632
8809.6032010670 2.9365344004
8811.9373124375 2.9373124375
8814.2714238079 2.9380904746
8816.6055351784 2.9388685117
8818.9396465488 2.9396465488
8821.2737579193 2.9404245860
8823.6078692898 2.9412026231
8825.9419806602 2.9419806602
8828.2760920307 2.9427586973
8830.6102034011 2.9435367345
8832.9443147716 2.9443147716
8835.2784261420 2.9450928087
8837.6125375125 2.9458708458
8839.9466488830 2.9466488830
8842.2807602534 2.9474269201
8844.6148716239 2.9482049572
8846.9489829943 2.9489829943
8849.2830943648 2.9497610315
8851.6172057352 2.9505390686
8853.9513171057 2.9513171057
8856.2854284762 2.9520951428
8858.6195398466 2.9528731799
8860.9536512171 2.9536512171
8863.2877625875 2.9544292542
8865.6218739580 2.9552072913
8867.9559853284 2.9559853284
8870.2900966989 2.9567633656
8872.6242080694 2.9575414027
8874.9583194398 2.9583194398
8877.2924308103 2.9590974769
8879.6265421807 2.9598755141
8881.9606535512 2.9606535512
8884.2947649216 2.9614315883
8886.6288762921 2.9622096254
8888.9629876626 2.9629876626
8891.2970990330 2.9637656997
8893.6312104035 2.9645437368
8895.9653217739 2.9653217739
8898.2994331444 2.9660998110
8900.6335445148 2.9668778482
8902.9676558853 2.9676558853
8905.3017672558 2.9684339224
8907.6358786262 2.9692119595
8909.9699899967 2.9699899967
8912.3041013671 2.9707680338
8914.6382127376 2.9715460709
8916.9723241080 2.9723241080
8919.3064354785 2.9731021452
8921.6405468490 2.9738801823
8923.9746582194 2.9746582194
8926.3087695899 2.9754362565
8928.6428809603 2.9762142937
8930.9769923308 2.9769923308
8933.3111037012 2.9777703679
8935.6452150717 2.9785484050
8937.9793264421 2.9793264421
8940.3134378126 2.9801044793
8942.6475491831 2.9808825164
8944.9816605535 2.9816605535
8947.3157719240 2.9824385906
8949.6498832944 2.9832166278
8951.9839946649 2.9839946649
8954.3181060353 2.9847727020
8956.6522174058 2.9855507391
8958.9863287763 2.9863287763
8961.3204401467 2.9871068134
8963.6545515172 2.9878848505
8965.9886628876 2.9886628876
8968.3227742581 2.9894409248
8970.6568856285 2.9902189619
8972.9909969990 2.9909969990
8975.3251083695 2.9917750361
8977.6592197399 2.9925530732
8979.9933311104 2.9933311104
8982.3274424808 2.9941091475
8984.6615538513 2.9948871846
8986.9956652217 2.9956652217
8989.3297765922 2.9964432589
8991.6638879627 2.9972212960
8993.9979993331 2.9979993331
8996.3321107036 2.9987773702
8998.6662220740 2.9995554074
9001.0003334445 3.0003334445
9003.3344448149 3.0011114816
9005.6685561854 3.0018895187
9008.0026675559 3.0026675559
9010.3367789263 3.0034455930
9012.6708902968 3.0042236301
9015.0050016672 3.0050016672
9017.3391130377 3.0057797043
9019.6732244081 3.0065577415
9022.0073357786 3.0073357786
9024.3414471491 3.0081138157
9026.6755585195 3.0088918528
9029.0096698900 3.0096698900
9031.3437812604 3.0104479271
9033.6778926309 3.0112259642
9036.0120040013 3.0120040013
9038.3461153718 3.0127820385
9040.6802267422 3.0135600756
9043.0143381127 3.0143381127
9045.3484494832 3.0151161498
9047.6825608536 3.0158941870
9050.0166722241 3.0166722241
9052.3507835945 3.0174502612
9054.6848949650 3.0182282983
9057.0190063354 3.0190063354
9059.3531177059 3.0197843726
9061.6872290764 3.0205624097
9064.0213404468 3.0213404468
9066.3554518173 3.0221184839
9068.6895631877 3.0228965211
9071.0236745582 3.0236745582
9073.3577859286 3.0244525953
9075.6918972991 3.0252306324
9078.0260086696 3.0260086696
9080.3601200400 3.0267867067
9082.6942314105 3.0275647438
9085.0283427809 3.0283427809
9087.3624541514 3.0291208181
9089.6965655218 3.0298988552
9092.0306768923 3.0306768923
9094.3647882628 3.0314549294
9096.6988996332 3.0322329665
9099.0330110037 3.0330110037
9101.3671223741 3.0337890408
9103.7012337446 3.0345670779
9106.0353451150 3.0353451150
9108.3694564855 3.0361231522
9110.7035678560 3.0369011893
9113.0376792264 3.0376792264
9115.3717905969 3.0384572635
9117.7059019673 3.0392353007
9120.0400133378 3.0400133378
9122.3741247082 3.0407913749
9124.7082360787 3.0415694120
9127.0423474492 3.0423474491
9129.3764588196 3.0431254863
9131.7105701901 3.0439035234
9134.0446815605 3.0446815605
9136.3787929310 3.0454595976
9138.7129043014 3.0462376348
9141.0470156719 3.0470156719
9143.3811270423 3.0477937090
9145.7152384128 3.0485717461
9148.0493497833 3.0493497833
9150.3834611537 3.0501278204
9152.7175725242 3.0509058575
9155.0516838946 3.0516838946
9157.3857952651 3.0524619318
9159.7199066355 3.0532399689
9162.0540180060 3.0540180060
9164.3881293765 3.0547960431
9166.7222407469 3.0555740802
9169.0563521174 3.0563521174
9171.3904634878 3.0571301545
9173.7245748583 3.0579081916
9176.0586862287 3.0586862287
9178.3927975992 3.0594642659
9180.7269089697 3.0602423030
9183.0610203401 3.0610203401
9185.3951317106 3.0617983772
9187.7292430810 3.0625764144
9190.0633544515 3.0633544515
9192.3974658219 3.0641324886
9194.7315771924 3.0649105257
9197.0656885629 3.0656885629
9199.3997999333 3.0664666000
9201.7339113038 3.0672446371
9204.0680226742 3.0680226742
9206.4021340447 3.0688007113
9208.7362454151 3.0695787485
9211.0703567856 3.0703567856
9213.4044681561 3.0711348227
9215.7385795265 3.0719128598
9218.0726908970 3.0726908970
9220.4068022674 3.0734689341
9222.7409136379 3.0742469712
9225.0750250083 3.0750250083
9227.4091363788 3.0758030455
9229.7432477493 3.0765810826
9232.0773591197 3.0773591197
9234.4114704902 3.0781371568
9236.7455818606 3.0789151940
9239.0796932311 3.0796932311
9241.4138046015 3.0804712682
9243.7479159720 3.0812493053
9246.0820273424 3.0820273424
9248.4161387129 3.0828053796
9250.7502500834 3.0835834167
9253.0843614538 3.0843614538
9255.4184728243 3.0851394909
9257.7525841947 3.0859175281
9260.0866955652 3.0866955652
9262.4208069356 3.0874736023
9264.7549183061 3.0882516394
9267.0890296766 3.0890296766
9269.4231410470 3.0898077137
9271.7572524175 3.0905857508
9274.0913637879 3.0913637879
9276.4254751584 3.0921418251
9278.7595865288 3.0929198622
9281.0936978993 3.0936978993
9283.4278092698 3.0944759364
9285.7619206402 3.0952539735
9288.0960320107 3.0960320107
9290.4301433811 3.0968100478
9292.7642547516 3.0975880849
9295.0983661220 3.0983661220
9297.4324774925 3.0991441592
9299.7665888630 3.0999221963
9302.1007002334 3.1007002334
9304.4348116039 3.1014782705
9306.7689229743 3.1022563077
9309.1030343448 3.1030343448
9311.4371457152 3.1038123819
9313.7712570857 3.1045904190
9316.1053684562 3.1053684562
9318.4394798266 3.1061464933
9320.7735911971 3.1069245304
9323.1077025675 3.1077025675
9325.4418139380 3.1084806046
9327.7759253084 3.1092586418
9330.1100366789 3.1100366789
9332.4441480493 3.1108147160
9334.7782594198 3.1115927531
9337.1123707903 3.1123707903
9339.4464821607 3.1131488274
9341.7805935312 3.1139268645
9344.1147049016 3.1147049016
9346.4488162721 3.1154829388
9348.7829276425 3.1162609759
9351.1170390130 3.1170390130
9353.4511503835 3.1178170501
9355.7852617539 3.1185950873
9358.1193731244 3.1193731244
9360.4534844948 3.1201511615
9362.7875958653 3.1209291986
9365.1217072357 3.1217072357
9367.4558186062 3.1224852729
9369.7899299767 3.1232633100
9372.1240413471 3.1240413471
9374.4581527176 3.1248193842
9376.7922640880 3.1255974214
9379.1263754585 3.1263754585
9381.4604868289 3.1271534956
9383.7945981994 3.1279315327
9386.1287095699 3.1287095699
9388.4628209403 3.1294876070
9390.7969323108 3.1302656441
9393.1310436812 3.1310436812
9395.4651550517 3.1318217184
9397.7992664221 3.1325997555
9400.1333777926 3.1333777926
9402.4674891631 3.1341558297
9404.8016005335 3.1349338668
9407.1357119040 3.1357119040
9409.4698232744 3.1364899411
9411.8039346449 3.1372679782
9414.1380460153 3.1380460153
9416.4721573858 3.1388240525
9418.8062687563 3.1396020896
9421.1403801267 3.1403801267
9423.4744914972 3.1411581638
9425.8086028676 3.1419362010
9428.1427142381 3.1427142381
9430.4768256085 3.1434922752
9432.8109369790 3.1442703123
9435.1450483495 3.1450483494
9437.4791597199 3.1458263866
9439.8132710904 3.1466044237
9442.1473824608 3.1473824608
9444.4814938313 3.1481604979
9446.8156052017 3.1489385351
9449.1497165722 3.1497165722
9451.4838279426 3.1504946093
9453.8179393131 3.1512726464
9456.1520506836 3.1520506836
9458.4861620540 3.1528287207
9460.8202734245 3.1536067578
9463.1543847949 3.1543847949
9465.4884961654 3.1551628321
9467.8226075358 3.1559408692
9470.1567189063 3.1567189063
9472.4908302768 3.1574969434
9474.8249416472 3.1582749805
9477.1590530177 3.1590530177
9479.4931643881 3.1598310548
9481.8272757586 3.1606090919
9484.1613871290 3.1613871290
9486.4954984995 3.1621651662
9488.8296098700 3.1629432033
9491.1637212404 3.1637212404
9493.4978326109 3.1644992775
9495.8319439813 3.1652773147
9498.1660553518 3.1660553518
9500.5001667222 3.1668333889
9502.8342780927 3.1676114260
9505.1683894632 3.1683894632
9507.5025008336 3.1691675003
9509.8366122041 3.1699455374
9512.1707235745 3.1707235745
9514.5048349450 3.1715016116
9516.8389463154 3.1722796488
9519.1730576859 3.1730576859
9521.5071690564 3.1738357230
9523.8412804268 3.1746137601
9526.1753917973 3.1753917973
9528.5095031677 3.1761698344
9530.8436145382 3.1769478715
9533.1777259086 3.1777259086
9535.5118372791 3.1785039458
9537.8459486496 3.1792819829
9540.1800600200 3.1800600200
9542.5141713905 3.1808380571
9544.8482827609 3.1816160943
9547.1823941314 3.1823941314
9549.5165055018 3.1831721685
9551.8506168723 3.1839502056
9554.1847282427 3.1847282427
9556.5188396132 3.1855062799
9558.8529509837 3.1862843170
9561.1870623541 3.1870623541
9563.5211737246 3.1878403912
9565.8552850950 3.1886184284
9568.1893964655 3.1893964655
9570.5235078359 3.1901745026
9572.8576192064 3.1909525397
9575.1917305769 3.1917305769
9577.5258419473 3.1925086140
9579.8599533178 3.1932866511
9582.1940646882 3.1940646882
9584.5281760587 3.1948427254
9586.8622874291 3.1956207625
9589.1963987996 3.1963987996
9591.5305101701 3.1971768367
9593.8646215405 3.1979548738
9596.1987329110 3.1987329110
9598.5328442814 3.1995109481
9600.8669556519 3.2002889852
9603.2010670223 3.2010670223
9605.5351783928 3.2018450595
9607.8692897633 3.2026230966
9610.2034011337 3.2034011337
9612.5375125042 3.2041791708
9614.8716238746 3.2049572080
9617.2057352451 3.2057352451
9619.5398466155 3.2065132822
9621.8739579860 3.2072913193
9624.2080693565 3.2080693565
9626.5421807269 3.2088473936
9628.8762920974 3.2096254307
9631.2104034678 3.2104034678
9633.5445148383 3.2111815049
9635.8786262087 3.2119595421
9638.2127375792 3.2127375792
9640.5468489496 3.2135156163
9642.8809603201 3.2142936534
9645.2150716906 3.2150716906
9647.5491830610 3.2158497277
9649.8832944315 3.2166277648
9652.2174058019 3.2174058019
9654.5515171724 3.2181838391
9656.8856285428 3.2189618762
9659.2197399133 3.2197399133
9661.5538512838 3.2205179504
9663.8879626542 3.2212959876
9666.2220740247 3.2220740247
9668.5561853951 3.2228520618
9670.8902967656 3.2236300989
9673.2244081360 3.2244081360
9675.5585195065 3.2251861732
9677.8926308770 3.2259642103
9680.2267422474 3.2267422474
9682.5608536179 3.2275202845
9684.8949649883 3.2282983217
9687.2290763588 3.2290763588
9689.5631877292 3.2298543959
9691.8972990997 3.2306324330
9694.2314104702 3.2314104702
9696.5655218406 3.2321885073
9698.8996332111 3.2329665444
9701.2337445815 3.2337445815
9703.5678559520 3.2345226187
9705.9019673224 3.2353006558
9708.2360786929 3.2360786929
9710.5701900634 3.2368567300
9712.9043014338 3.2376347671
9715.2384128043 3.2384128043
9717.5725241747 3.2391908414
9719.9066355452 3.2399688785
9722.2407469156 3.2407469156
9724.5748582861 3.2415249528
9726.9089696566 3.2423029899
9729.2430810270 3.2430810270
9731.5771923975 3.2438590641
9733.9113037679 3.2446371013
9736.2454151384 3.2454151384
9738.5795265088 3.2461931755
9740.9136378793 3.2469712126
9743.2477492497 3.2477492497
9745.5818606202 3.2485272869
9747.9159719907 3.2493053240
9750.2500833611 3.2500833611
9752.5841947316 3.2508613982
9754.9183061020 3.2516394354
9757.2524174725 3.2524174725
9759.5865288429 3.2531955096
9761.9206402134 3.2539735467
9764.2547515839 3.2547515839
9766.5888629543 3.2555296210
9768.9229743248 3.2563076581
9771.2570856952 3.2570856952
9773.5911970657 3.2578637324
9775.9253084361 3.2586417695
9778.2594198066 3.2594198066
9780.5935311771 3.2601978437
9782.9276425475 3.2609758808
9785.2617539180 3.2617539180
9787.5958652884 3.2625319551
9789.9299766589 3.2633099922
9792.2640880293 3.2640880293
9794.5981993998 3.2648660665
9796.9323107703 3.2656441036
9799.2664221407 3.2664221407
9801.6005335112 3.2672001778
9803.9346448816 3.2679782150
9806.2687562521 3.2687562521
9808.6028676225 3.2695342892
9810.9369789930 3.2703123263
9813.2710903635 3.2710903635
9815.6052017339 3.2718684006
9817.9393131044 3.2726464377
9820.2734244748 3.2734244748
9822.6075358453 3.2742025119
9824.9416472157 3.2749805491
9827.2757585862 3.2757585862
9829.6098699567 3.2765366233
9831.9439813271 3.2773146604
9834.2780926976 3.2780926976
9836.6122040680 3.2788707347
9838.9463154385 3.2796487718
9841.2804268089 3.2804268089
9843.6145381794 3.2812048461
9845.9486495498 3.2819828832
9848.2827609203 3.2827609203
9850.6168722908 3.2835389574
9852.9509836612 3.2843169946
9855.2850950317 3.2850950317
9857.6192064021 3.2858730688
9859.9533177726 3.2866511059
9862.2874291430 3.2874291430
9864.6215405135 3.2882071802
9866.9556518840 3.2889852173
9869.2897632544 3.2897632544
9871.6238746249 3.2905412915
9873.9579859953 3.2913193287
9876.2920973658 3.2920973658
9878.6262087362 3.2928754029
9880.9603201067 3.2936534400
9883.2944314772 3.2944314772
9885.6285428476 3.2952095143
9887.9626542181 3.2959875514
9890.2967655885 3.2967655885
9892.6308769590 3.2975436257
9894.9649883294 3.2983216628
9897.2990996999 3.2990996999
9899.6332110704 3.2998777370
9901.9673224408 3.3006557741
9904.3014338113 3.3014338113
9906.6355451817 3.3022118484
9908.9696565522 3.3029898855
9911.3037679226 3.3037679226
9913.6378792931 3.3045459598
9915.9719906636 3.3053239969
9918.3061020340 3.3061020340
9920.6402134045 3.3068800711
9922.9743247749 3.3076581083
9925.3084361454 3.3084361454
9927.6425475158 3.3092141825
9929.9766588863 3.3099922196
9932.3107702568 3.3107702568
9934.6448816272 3.3115482939
9936.9789929977 3.3123263310
9939.3131043681 3.3131043681
9941.6472157386 3.3138824052
9943.9813271090 3.3146604424
9946.3154384795 3.3154384795
9948.6495498499 3.3162165166
9950.9836612204 3.3169945537
9953.3177725909 3.3177725909
9955.6518839613 3.3185506280
9957.9859953318 3.3193286651
9960.3201067022 3.3201067022
9962.6542180727 3.3208847394
9964.9883294431 3.3216627765
9967.3224408136 3.3224408136
9969.6565521841 3.3232188507
9971.9906635545 3.3239968879
9974.3247749250 3.3247749250
9976.6588862954 3.3255529621
9978.9929976659 3.3263309992
9981.3271090363 3.3271090363
9983.6612204068 3.3278870735
9985.9953317773 3.3286651106
9988.3294431477 3.3294431477
9990.6635545182 3.3302211848
9992.9976658886 3.3309992220
9995.3317772591 3.3317772591
9997.6658886295 3.3325552962
10000.0000000000 3.3333333333
