# Column 1: Wavelength vector in Angstrom
# Column 2: FWHM of observation at the respective wavelength in Angstrom
#
# This files describes the udf-10 line-spread-function of alphaMC models
# The FWHM values are obtained by taking the larger value from MUSE and alphaMC FWHM
3000.0000000000 3.8118400000
3002.3341113705 3.8105174853
3004.6682227409 3.8091956098
3007.0023341114 3.8078743734
3009.3364454818 3.8065537762
3011.6705568523 3.8052338182
3014.0046682227 3.8039144994
3016.3387795932 3.8025958197
3018.6728909637 3.8012777792
3021.0070023341 3.7999603778
3023.3411137046 3.7986436156
3025.6752250750 3.7973274926
3028.0093364455 3.7960120088
3030.3434478159 3.7946971641
3032.6775591864 3.7933829586
3035.0116705569 3.7920693923
3037.3457819273 3.7907564651
3039.6798932978 3.7894441771
3042.0140046682 3.7881325283
3044.3481160387 3.7868215186
3046.6822274091 3.7855111481
3049.0163387796 3.7842014168
3051.3504501501 3.7828923246
3053.6845615205 3.7815838716
3056.0186728910 3.7802760578
3058.3527842614 3.7789688831
3060.6868956319 3.7776623476
3063.0210070023 3.7763564513
3065.3551183728 3.7750511942
3067.6892297432 3.7737465762
3070.0233411137 3.7724425974
3072.3574524842 3.7711392577
3074.6915638546 3.7698365573
3077.0256752251 3.7685344959
3079.3597865955 3.7672330738
3081.6938979660 3.7659322908
3084.0280093364 3.7646321470
3086.3621207069 3.7633326424
3088.6962320774 3.7620337769
3091.0303434478 3.7607355506
3093.3644548183 3.7594379635
3095.6985661887 3.7581410155
3098.0326775592 3.7568447067
3100.3667889296 3.7555490371
3102.7009003001 3.7542540066
3105.0350116706 3.7529596154
3107.3691230410 3.7516658632
3109.7032344115 3.7503727503
3112.0373457819 3.7490802765
3114.3714571524 3.7477884419
3116.7055685228 3.7464972464
3119.0396798933 3.7452066901
3121.3737912638 3.7439167730
3123.7079026342 3.7426274951
3126.0420140047 3.7413388563
3128.3761253751 3.7400508567
3130.7102367456 3.7387634963
3133.0443481160 3.7374767750
3135.3784594865 3.7361906929
3137.7125708570 3.7349052500
3140.0466822274 3.7336204462
3142.3807935979 3.7323362816
3144.7149049683 3.7310527562
3147.0490163388 3.7297698699
3149.3831277092 3.7284876228
3151.7172390797 3.7272060149
3154.0513504502 3.7259250461
3156.3854618206 3.7246447165
3158.7195731911 3.7233650261
3161.0536845615 3.7220859749
3163.3877959320 3.7208075628
3165.7219073024 3.7195297899
3168.0560186729 3.7182526561
3170.3901300433 3.7169761615
3172.7242414138 3.7157003061
3175.0583527843 3.7144250899
3177.3924641547 3.7131505128
3179.7265755252 3.7118765749
3182.0606868956 3.7106032762
3184.3947982661 3.7093306166
3186.7289096365 3.7080585962
3189.0630210070 3.7067872150
3191.3971323775 3.7055164729
3193.7312437479 3.7042463700
3196.0653551184 3.7029769063
3198.3994664888 3.7017080817
3200.7335778593 3.7004398963
3203.0676892297 3.6991723501
3205.4018006002 3.6979054430
3207.7359119707 3.6966391752
3210.0700233411 3.6953735464
3212.4041347116 3.6941085569
3214.7382460820 3.6928442065
3217.0723574525 3.6915804953
3219.4064688229 3.6903174232
3221.7405801934 3.6890549904
3224.0746915639 3.6877931967
3226.4088029343 3.6865320421
3228.7429143048 3.6852715267
3231.0770256752 3.6840116505
3233.4111370457 3.6827524135
3235.7452484161 3.6814938156
3238.0793597866 3.6802358569
3240.4134711571 3.6789785374
3242.7475825275 3.6777218570
3245.0816938980 3.6764658159
3247.4158052684 3.6752104138
3249.7499166389 3.6739556510
3252.0840280093 3.6727015273
3254.4181393798 3.6714480428
3256.7522507502 3.6701951974
3259.0863621207 3.6689429912
3261.4204734912 3.6676914242
3263.7545848616 3.6664404964
3266.0886962321 3.6651902077
3268.4228076025 3.6639405582
3270.7569189730 3.6626915478
3273.0910303434 3.6614431766
3275.4251417139 3.6601954446
3277.7592530844 3.6589483518
3280.0933644548 3.6577018981
3282.4274758253 3.6564560836
3284.7615871957 3.6552109083
3287.0956985662 3.6539663721
3289.4298099366 3.6527224751
3291.7639213071 3.6514792173
3294.0980326776 3.6502365986
3296.4321440480 3.6489946191
3298.7662554185 3.6477532788
3301.1003667889 3.6465125777
3303.4344781594 3.6452725157
3305.7685895298 3.6440330929
3308.1027009003 3.6427943092
3310.4368122708 3.6415561647
3312.7709236412 3.6403186594
3315.1050350117 3.6390817933
3317.4391463821 3.6378455663
3319.7732577526 3.6366099785
3322.1073691230 3.6353750298
3324.4414804935 3.6341407204
3326.7755918640 3.6329070500
3329.1097032344 3.6316740189
3331.4438146049 3.6304416269
3333.7779259753 3.6292098741
3336.1120373458 3.6279787605
3338.4461487162 3.6267482860
3340.7802600867 3.6255184507
3343.1143714572 3.6242892546
3345.4484828276 3.6230606977
3347.7825941981 3.6218327799
3350.1167055685 3.6206055012
3352.4508169390 3.6193788618
3354.7849283094 3.6181528615
3357.1190396799 3.6169275004
3359.4531510504 3.6157027784
3361.7872624208 3.6144786957
3364.1213737913 3.6132552520
3366.4554851617 3.6120324476
3368.7895965322 3.6108102823
3371.1237079026 3.6095887562
3373.4578192731 3.6083678693
3375.7919306435 3.6071476215
3378.1260420140 3.6059280129
3380.4601533845 3.6047090435
3382.7942647549 3.6034907132
3385.1283761254 3.6022730221
3387.4624874958 3.6010559702
3389.7965988663 3.5998395574
3392.1307102367 3.5986237838
3394.4648216072 3.5974086494
3396.7989329777 3.5961941541
3399.1330443481 3.5949802980
3401.4671557186 3.5937670811
3403.8012670890 3.5925545034
3406.1353784595 3.5913425648
3408.4694898299 3.5901312654
3410.8036012004 3.5889206051
3413.1377125709 3.5877105840
3415.4718239413 3.5865012021
3417.8059353118 3.5852924594
3420.1400466822 3.5840843558
3422.4741580527 3.5828768914
3424.8082694231 3.5816700662
3427.1423807936 3.5804638801
3429.4764921641 3.5792583332
3431.8106035345 3.5780534255
3434.1447149050 3.5768491569
3436.4788262754 3.5756455275
3438.8129376459 3.5744425373
3441.1470490163 3.5732401862
3443.4811603868 3.5720384743
3445.8152717573 3.5708374016
3448.1493831277 3.5696369680
3450.4834944982 3.5684371736
3452.8176058686 3.5672380184
3455.1517172391 3.5660395024
3457.4858286095 3.5648416255
3459.8199399800 3.5636443878
3462.1540513505 3.5624477892
3464.4881627209 3.5612518299
3466.8222740914 3.5600565096
3469.1563854618 3.5588618286
3471.4904968323 3.5576677867
3473.8246082027 3.5564743840
3476.1587195732 3.5552816205
3478.4928309436 3.5540894961
3480.8269423141 3.5528980109
3483.1610536846 3.5517071649
3485.4951650550 3.5505169580
3487.8292764255 3.5493273903
3490.1633877959 3.5481384618
3492.4974991664 3.5469501724
3494.8316105368 3.5457625223
3497.1657219073 3.5445755112
3499.4998332778 3.5433891394
3501.8339446482 3.5422034067
3504.1680560187 3.5410183132
3506.5021673891 3.5398338588
3508.8362787596 3.5386500437
3511.1703901300 3.5374668676
3513.5045015005 3.5362843308
3515.8386128710 3.5351024331
3518.1727242414 3.5339211746
3520.5068356119 3.5327405553
3522.8409469823 3.5315605751
3525.1750583528 3.5303812341
3527.5091697232 3.5292025323
3529.8432810937 3.5280244696
3532.1773924642 3.5268470461
3534.5115038346 3.5256702618
3536.8456152051 3.5244941166
3539.1797265755 3.5233186106
3541.5138379460 3.5221437438
3543.8479493164 3.5209695161
3546.1820606869 3.5197959276
3548.5161720574 3.5186229783
3550.8502834278 3.5174506682
3553.1843947983 3.5162789972
3555.5185061687 3.5151079654
3557.8526175392 3.5139375727
3560.1867289096 3.5127678192
3562.5208402801 3.5115987049
3564.8549516505 3.5104302298
3567.1890630210 3.5092623938
3569.5231743915 3.5080951970
3571.8572857619 3.5069286394
3574.1913971324 3.5057627209
3576.5255085028 3.5045974416
3578.8596198733 3.5034328015
3581.1937312437 3.5022688005
3583.5278426142 3.5011054387
3585.8619539847 3.4999427161
3588.1960653551 3.4987806326
3590.5301767256 3.4976191883
3592.8642880960 3.4964583832
3595.1983994665 3.4952982172
3597.5325108369 3.4941386905
3599.8666222074 3.4929798028
3602.2007335779 3.4918215544
3604.5348449483 3.4906639451
3606.8689563188 3.4895069750
3609.2030676892 3.4883506441
3611.5371790597 3.4871949523
3613.8712904301 3.4860398997
3616.2054018006 3.4848854862
3618.5395131711 3.4837317120
3620.8736245415 3.4825785768
3623.2077359120 3.4814260809
3625.5418472824 3.4802742241
3627.8759586529 3.4791230065
3630.2100700233 3.4779724281
3632.5441813938 3.4768224889
3634.8782927643 3.4756731888
3637.2124041347 3.4745245278
3639.5465155052 3.4733765061
3641.8806268756 3.4722291235
3644.2147382461 3.4710823801
3646.5488496165 3.4699362758
3648.8829609870 3.4687908107
3651.2170723575 3.4676459848
3653.5511837279 3.4665017981
3655.8852950984 3.4653582505
3658.2194064688 3.4642153421
3660.5535178393 3.4630730728
3662.8876292097 3.4619314427
3665.2217405802 3.4607904518
3667.5558519507 3.4596501001
3669.8899633211 3.4585103875
3672.2240746916 3.4573713141
3674.5581860620 3.4562328799
3676.8922974325 3.4550950848
3679.2264088029 3.4539579289
3681.5605201734 3.4528214122
3683.8946315438 3.4516855346
3686.2287429143 3.4505502962
3688.5628542848 3.4494156970
3690.8969656552 3.4482817370
3693.2310770257 3.4471484161
3695.5651883961 3.4460157344
3697.8992997666 3.4448836918
3700.2334111370 3.4437522884
3702.5675225075 3.4426215242
3704.9016338780 3.4414913992
3707.2357452484 3.4403619133
3709.5698566189 3.4392330666
3711.9039679893 3.4381048590
3714.2380793598 3.4369772907
3716.5721907302 3.4358503615
3718.9063021007 3.4347240714
3721.2404134712 3.4335984205
3723.5745248416 3.4324734088
3725.9086362121 3.4313490363
3728.2427475825 3.4302253030
3730.5768589530 3.4291022088
3732.9109703234 3.4279797537
3735.2450816939 3.4268579379
3737.5791930644 3.4257367612
3739.9133044348 3.4246162237
3742.2474158053 3.4234963253
3744.5815271757 3.4223770661
3746.9156385462 3.4212584461
3749.2497499166 3.4201404652
3751.5838612871 3.4190231236
3753.9179726576 3.4179064211
3756.2520840280 3.4167903577
3758.5861953985 3.4156749335
3760.9203067689 3.4145601485
3763.2544181394 3.4134460027
3765.5885295098 3.4123324960
3767.9226408803 3.4112196285
3770.2567522508 3.4101074002
3772.5908636212 3.4089958110
3774.9249749917 3.4078848610
3777.2590863621 3.4067745502
3779.5931977326 3.4056648785
3781.9273091030 3.4045558460
3784.2614204735 3.4034474527
3786.5955318439 3.4023396985
3788.9296432144 3.4012325835
3791.2637545849 3.4001261077
3793.5978659553 3.3990202711
3795.9319773258 3.3979150736
3798.2660886962 3.3968105153
3800.6002000667 3.3957065961
3802.9343114371 3.3946033161
3805.2684228076 3.3935006753
3807.6025341781 3.3923986737
3809.9366455485 3.3912973112
3812.2707569190 3.3901965879
3814.6048682894 3.3890965038
3816.9389796599 3.3879970588
3819.2730910303 3.3868982530
3821.6072024008 3.3858000864
3823.9413137713 3.3847025589
3826.2754251417 3.3836056706
3828.6095365122 3.3825094215
3830.9436478826 3.3814138115
3833.2777592531 3.3803188407
3835.6118706235 3.3792245091
3837.9459819940 3.3781308166
3840.2800933645 3.3770377634
3842.6142047349 3.3759453492
3844.9483161054 3.3748535743
3847.2824274758 3.3737624385
3849.6165388463 3.3726719419
3851.9506502167 3.3715820844
3854.2847615872 3.3704928662
3856.6188729577 3.3694042871
3858.9529843281 3.3683163471
3861.2870956986 3.3672290463
3863.6212070690 3.3661423847
3865.9553184395 3.3650563623
3868.2894298099 3.3639709790
3870.6235411804 3.3628862349
3872.9576525509 3.3618021300
3875.2917639213 3.3607186642
3877.6258752918 3.3596358376
3879.9599866622 3.3585536502
3882.2940980327 3.3574721020
3884.6282094031 3.3563911929
3886.9623207736 3.3553109229
3889.2964321440 3.3542312922
3891.6305435145 3.3531523006
3893.9646548850 3.3520739482
3896.2987662554 3.3509962349
3898.6328776259 3.3499191609
3900.9669889963 3.3488427259
3903.3011003668 3.3477669302
3905.6352117372 3.3466917736
3907.9693231077 3.3456172562
3910.3034344782 3.3445433780
3912.6375458486 3.3434701389
3914.9716572191 3.3423975390
3917.3057685895 3.3413255783
3919.6398799600 3.3402542567
3921.9739913304 3.3391835743
3924.3081027009 3.3381135311
3926.6422140714 3.3370441270
3928.9763254418 3.3359753621
3931.3104368123 3.3349072364
3933.6445481827 3.3338397498
3935.9786595532 3.3327729024
3938.3127709236 3.3317066942
3940.6468822941 3.3306411252
3942.9809936646 3.3295761953
3945.3151050350 3.3285119046
3947.6492164055 3.3274482530
3949.9833277759 3.3263852406
3952.3174391464 3.3253228674
3954.6515505168 3.3242611334
3956.9856618873 3.3232000385
3959.3197732578 3.3221395828
3961.6538846282 3.3210797663
3963.9879959987 3.3200205889
3966.3221073691 3.3189620507
3968.6562187396 3.3179041517
3970.9903301100 3.3168468918
3973.3244414805 3.3157902711
3975.6585528510 3.3147342896
3977.9926642214 3.3136789472
3980.3267755919 3.3126242440
3982.6608869623 3.3115701800
3984.9949983328 3.3105167552
3987.3291097032 3.3094639695
3989.6632210737 3.3084118229
3991.9973324441 3.3073603156
3994.3314438146 3.3063094474
3996.6655551851 3.3052592184
3998.9996665555 3.3042096286
4001.3337779260 3.3031606779
4003.6678892964 3.3021123664
4006.0020006669 3.3010646940
4008.3361120373 3.3000176609
4010.6702234078 3.2989712669
4013.0043347783 3.2979255120
4015.3384461487 3.2968803963
4017.6725575192 3.2958359198
4020.0066688896 3.2947920825
4022.3407802601 3.2937488844
4024.6748916305 3.2927063254
4027.0090030010 3.2916644055
4029.3431143715 3.2906231249
4031.6772257419 3.2895824834
4034.0113371124 3.2885424811
4036.3454484828 3.2875031179
4038.6795598533 3.2864643939
4041.0136712237 3.2854263091
4043.3477825942 3.2843888635
4045.6818939647 3.2833520570
4048.0160053351 3.2823158897
4050.3501167056 3.2812803615
4052.6842280760 3.2802454725
4055.0183394465 3.2792112227
4057.3524508169 3.2781776121
4059.6865621874 3.2771446406
4062.0206735579 3.2761123083
4064.3547849283 3.2750806152
4066.6888962988 3.2740495612
4069.0230076692 3.2730191464
4071.3571190397 3.2719893708
4073.6912304101 3.2709602343
4076.0253417806 3.2699317371
4078.3594531511 3.2689038789
4080.6935645215 3.2678766600
4083.0276758920 3.2668500802
4085.3617872624 3.2658241396
4087.6958986329 3.2647988381
4090.0300100033 3.2637741758
4092.3641213738 3.2627501527
4094.6982327442 3.2617267688
4097.0323441147 3.2607040240
4099.3664554852 3.2596819184
4101.7005668556 3.2586604519
4104.0346782261 3.2576396247
4106.3687895965 3.2566194366
4108.7029009670 3.2555998876
4111.0370123374 3.2545809778
4113.3711237079 3.2535627072
4115.7052350784 3.2525450758
4118.0393464488 3.2515280836
4120.3734578193 3.2505117305
4122.7075691897 3.2494960165
4125.0416805602 3.2484809418
4127.3757919306 3.2474665062
4129.7099033011 3.2464527098
4132.0440146716 3.2454395525
4134.3781260420 3.2444270344
4136.7122374125 3.2434151555
4139.0463487829 3.2424039157
4141.3804601534 3.2413933152
4143.7145715238 3.2403833538
4146.0486828943 3.2393740315
4148.3827942648 3.2383653484
4150.7169056352 3.2373573045
4153.0510170057 3.2363498998
4155.3851283761 3.2353431342
4157.7192397466 3.2343370078
4160.0533511170 3.2333315206
4162.3874624875 3.2323266725
4164.7215738580 3.2313224636
4167.0556852284 3.2303188939
4169.3897965989 3.2293159633
4171.7239079693 3.2283136719
4174.0580193398 3.2273120197
4176.3921307102 3.2263110066
4178.7262420807 3.2253106327
4181.0603534512 3.2243108980
4183.3944648216 3.2233118025
4185.7285761921 3.2223133461
4188.0626875625 3.2213155289
4190.3967989330 3.2203183508
4192.7309103034 3.2193218119
4195.0650216739 3.2183259122
4197.3991330443 3.2173306517
4199.7332444148 3.2163360303
4202.0673557853 3.2153420481
4204.4014671557 3.2143487051
4206.7355785262 3.2133560012
4209.0696898966 3.2123639365
4211.4038012671 3.2113725110
4213.7379126375 3.2103817246
4216.0720240080 3.2093915774
4218.4061353785 3.2084020694
4220.7402467489 3.2074132005
4223.0743581194 3.2064249708
4225.4084694898 3.2054373803
4227.7425808603 3.2044504289
4230.0766922307 3.2034641168
4232.4108036012 3.2024784437
4234.7449149717 3.2014934099
4237.0790263421 3.2005090152
4239.4131377126 3.1995252597
4241.7472490830 3.1985421433
4244.0813604535 3.1975596662
4246.4154718239 3.1965778282
4248.7495831944 3.1955966293
4251.0836945649 3.1946160696
4253.4178059353 3.1936361491
4255.7519173058 3.1926568678
4258.0860286762 3.1916782256
4260.4201400467 3.1907002226
4262.7542514171 3.1897228588
4265.0883627876 3.1887461341
4267.4224741581 3.1877700486
4269.7565855285 3.1867946023
4272.0906968990 3.1858197952
4274.4248082694 3.1848456272
4276.7589196399 3.1838720983
4279.0930310103 3.1828992087
4281.4271423808 3.1819269582
4283.7612537513 3.1809553469
4286.0953651217 3.1799843747
4288.4294764922 3.1790140418
4290.7635878626 3.1780443479
4293.0976992331 3.1770752933
4295.4318106035 3.1761068778
4297.7659219740 3.1751391015
4300.1000333444 3.1741719644
4302.4341447149 3.1732054664
4304.7682560854 3.1722396076
4307.1023674558 3.1712743880
4309.4364788263 3.1703098075
4311.7705901967 3.1693458662
4314.1047015672 3.1683825641
4316.4388129376 3.1674199011
4318.7729243081 3.1664578773
4321.1070356786 3.1654964927
4323.4411470490 3.1645357472
4325.7752584195 3.1635756409
4328.1093697899 3.1626161738
4330.4434811604 3.1616573459
4332.7775925308 3.1606991571
4335.1117039013 3.1597416075
4337.4458152718 3.1587846970
4339.7799266422 3.1578284257
4342.1140380127 3.1568727936
4344.4481493831 3.1559178007
4346.7822607536 3.1549634469
4349.1163721240 3.1540097323
4351.4504834945 3.1530566569
4353.7845948650 3.1521042206
4356.1187062354 3.1511524235
4358.4528176059 3.1502012656
4360.7869289763 3.1492507468
4363.1210403468 3.1483008672
4365.4551517172 3.1473516268
4367.7892630877 3.1464030255
4370.1233744582 3.1454550634
4372.4574858286 3.1445077405
4374.7915971991 3.1435610568
4377.1257085695 3.1426150122
4379.4598199400 3.1416696067
4381.7939313104 3.1407248405
4384.1280426809 3.1397807134
4386.4621540514 3.1388372255
4388.7962654218 3.1378943768
4391.1303767923 3.1369521672
4393.4644881627 3.1360105968
4395.7985995332 3.1350696655
4398.1327109036 3.1341293735
4400.4668222741 3.1331897206
4402.8009336445 3.1322507068
4405.1350450150 3.1313123322
4407.4691563855 3.1303745968
4409.8032677559 3.1294375006
4412.1373791264 3.1285010436
4414.4714904968 3.1275652257
4416.8056018673 3.1266300469
4419.1397132377 3.1256955074
4421.4738246082 3.1247616070
4423.8079359787 3.1238283458
4426.1420473491 3.1228957237
4428.4761587196 3.1219637408
4430.8102700900 3.1210323971
4433.1443814605 3.1201016926
4435.4784928309 3.1191716272
4437.8126042014 3.1182422010
4440.1467155719 3.1173134139
4442.4808269423 3.1163852661
4444.8149383128 3.1154577573
4447.1490496832 3.1145308878
4449.4831610537 3.1136046574
4451.8172724241 3.1126790662
4454.1513837946 3.1117541142
4456.4854951651 3.1108298013
4458.8196065355 3.1099061276
4461.1537179060 3.1089830931
4463.4878292764 3.1080606977
4465.8219406469 3.1071389416
4468.1560520173 3.1062178245
4470.4901633878 3.1052973467
4472.8242747583 3.1043775080
4475.1583861287 3.1034583085
4477.4924974992 3.1025397481
4479.8266088696 3.1016218269
4482.1607202401 3.1007045449
4484.4948316105 3.0997879021
4486.8289429810 3.0988718984
4489.1630543515 3.0979565339
4491.4971657219 3.0970418085
4493.8312770924 3.0961277224
4496.1653884628 3.0952142754
4498.4994998333 3.0943014675
4500.8336112037 3.0933892988
4503.1677225742 3.0924777693
4505.5018339446 3.0915668790
4507.8359453151 3.0906566279
4510.1700566856 3.0897470159
4512.5041680560 3.0888380430
4514.8382794265 3.0879297094
4517.1723907969 3.0870220149
4519.5065021674 3.0861149596
4521.8406135378 3.0852085434
4524.1747249083 3.0843027664
4526.5088362788 3.0833976286
4528.8429476492 3.0824931299
4531.1770590197 3.0815892705
4533.5111703901 3.0806860502
4535.8452817606 3.0797834690
4538.1793931310 3.0788815270
4540.5135045015 3.0779802242
4542.8476158720 3.0770795606
4545.1817272424 3.0761795361
4547.5158386129 3.0752801508
4549.8499499833 3.0743814047
4552.1840613538 3.0734832977
4554.5181727242 3.0725858299
4556.8522840947 3.0716890013
4559.1863954652 3.0707928118
4561.5205068356 3.0698972615
4563.8546182061 3.0690023504
4566.1887295765 3.0681080784
4568.5228409470 3.0672144456
4570.8569523174 3.0663214520
4573.1910636879 3.0654290976
4575.5251750584 3.0645373823
4577.8592864288 3.0636463062
4580.1933977993 3.0627558692
4582.5275091697 3.0618660714
4584.8616205402 3.0609769128
4587.1957319106 3.0600883934
4589.5298432811 3.0592005131
4591.8639546516 3.0583132720
4594.1980660220 3.0574266701
4596.5321773925 3.0565407073
4598.8662887629 3.0556553837
4601.2004001334 3.0547706993
4603.5345115038 3.0538866540
4605.8686228743 3.0530032479
4608.2027342447 3.0521204810
4610.5368456152 3.0512383532
4612.8709569857 3.0503568646
4615.2050683561 3.0494760152
4617.5391797266 3.0485958049
4619.8732910970 3.0477162339
4622.2074024675 3.0468373019
4624.5415138379 3.0459590092
4626.8756252084 3.0450813556
4629.2097365789 3.0442043412
4631.5438479493 3.0433279659
4633.8779593198 3.0424522299
4636.2120706902 3.0415771330
4638.5461820607 3.0407026752
4640.8802934311 3.0398288566
4643.2144048016 3.0389556772
4645.5485161721 3.0380831370
4647.8826275425 3.0372112359
4650.2167389130 3.0363399740
4652.5508502834 3.0354693513
4654.8849616539 3.0345993677
4657.2190730243 3.0337300233
4659.5531843948 3.0328613181
4661.8872957653 3.0319932521
4664.2214071357 3.0311258252
4666.5555185062 3.0302590374
4668.8896298766 3.0293928889
4671.2237412471 3.0285273795
4673.5578526175 3.0276625093
4675.8919639880 3.0267982782
4678.2260753585 3.0259346864
4680.5601867289 3.0250717336
4682.8942980994 3.0242094201
4685.2284094698 3.0233477457
4687.5625208403 3.0224867105
4689.8966322107 3.0216263145
4692.2307435812 3.0207665576
4694.5648549517 3.0199074399
4696.8989663221 3.0190489614
4699.2330776926 3.0181911220
4701.5671890630 3.0173339218
4703.9013004335 3.0164773608
4706.2354118039 3.0156214389
4708.5695231744 3.0147661562
4710.9036345448 3.0139115127
4713.2377459153 3.0130575083
4715.5718572858 3.0122041431
4717.9059686562 3.0113514171
4720.2400800267 3.0104993303
4722.5741913971 3.0096478826
4724.9083027676 3.0087970741
4727.2424141380 3.0079469047
4729.5765255085 3.0070973745
4731.9106368790 3.0062484835
4734.2447482494 3.0054002317
4736.5788596199 3.0045526190
4738.9129709903 3.0037056455
4741.2470823608 3.0028593112
4743.5811937312 3.0020136160
4745.9153051017 3.0011685600
4748.2494164722 3.0003241432
4750.5835278426 2.9994803655
4752.9176392131 2.9986372270
4755.2517505835 2.9977947277
4757.5858619540 2.9969528675
4759.9199733244 2.9961116465
4762.2540846949 2.9952710647
4764.5881960654 2.9944311221
4766.9223074358 2.9935918186
4769.2564188063 2.9927531542
4771.5905301767 2.9919151291
4773.9246415472 2.9910777431
4776.2587529176 2.9902409963
4778.5928642881 2.9894048887
4780.9269756586 2.9885694202
4783.2610870290 2.9877345909
4785.5951983995 2.9869004007
4787.9293097699 2.9860668498
4790.2634211404 2.9852339380
4792.5975325108 2.9844016653
4794.9316438813 2.9835700318
4797.2657552518 2.9827390375
4799.5998666222 2.9819086824
4801.9339779927 2.9810789665
4804.2680893631 2.9802498897
4806.6022007336 2.9794214520
4808.9363121040 2.9785936536
4811.2704234745 2.9777664943
4813.6045348449 2.9769399742
4815.9386462154 2.9761140932
4818.2727575859 2.9752888514
4820.6068689563 2.9744642488
4822.9409803268 2.9736402854
4825.2750916972 2.9728169611
4827.6092030677 2.9719942760
4829.9433144381 2.9711722300
4832.2774258086 2.9703508232
4834.6115371791 2.9695300556
4836.9456485495 2.9687099272
4839.2797599200 2.9678904379
4841.6138712904 2.9670715878
4843.9479826609 2.9662533769
4846.2820940313 2.9654358051
4848.6162054018 2.9646188725
4850.9503167723 2.9638025791
4853.2844281427 2.9629869248
4855.6185395132 2.9621719097
4857.9526508836 2.9613575338
4860.2867622541 2.9605437971
4862.6208736245 2.9597306995
4864.9549849950 2.9589182411
4867.2890963655 2.9581064218
4869.6232077359 2.9572952417
4871.9573191064 2.9564847008
4874.2914304768 2.9556747991
4876.6255418473 2.9548655365
4878.9596532177 2.9540569131
4881.2937645882 2.9532489288
4883.6278759587 2.9524415838
4885.9619873291 2.9516348779
4888.2960986996 2.9508288111
4890.6302100700 2.9500233835
4892.9643214405 2.9492185951
4895.2984328109 2.9484144459
4897.6325441814 2.9476109358
4899.9666555519 2.9468080650
4902.3007669223 2.9460058332
4904.6348782928 2.9452042407
4906.9689896632 2.9444032873
4909.3031010337 2.9436029731
4911.6372124041 2.9428032980
4913.9713237746 2.9420042621
4916.3054351450 2.9412058654
4918.6395465155 2.9404081078
4920.9736578860 2.9396109895
4923.3077692564 2.9388145102
4925.6418806269 2.9380186702
4927.9759919973 2.9372234693
4930.3101033678 2.9364289076
4932.6442147382 2.9356349851
4934.9783261087 2.9348417017
4937.3124374792 2.9340490575
4939.6465488496 2.9332570525
4941.9806602201 2.9324656866
4944.3147715905 2.9316749599
4946.6488829610 2.9308848724
4948.9829943314 2.9300954240
4951.3171057019 2.9293066148
4953.6512170724 2.9285184448
4955.9853284428 2.9277309139
4958.3194398133 2.9269440222
4960.6535511837 2.9261577697
4962.9876625542 2.9253721564
4965.3217739246 2.9245871822
4967.6558852951 2.9238028472
4969.9899966656 2.9230191513
4972.3241080360 2.9222360946
4974.6582194065 2.9214536771
4976.9923307769 2.9206718988
4979.3264421474 2.9198907596
4981.6605535178 2.9191102596
4983.9946648883 2.9183303988
4986.3287762588 2.9175511771
4988.6628876292 2.9167725946
4990.9969989997 2.9159946513
4993.3311103701 2.9152173471
4995.6652217406 2.9144406821
4997.9993331110 2.9136646563
5000.3334444815 2.9128892696
5002.6675558520 2.9121145221
5005.0016672224 2.9113404138
5007.3357785929 2.9105669446
5009.6698899633 2.9097941147
5012.0040013338 2.9090219238
5014.3381127042 2.9082503722
5016.6722240747 2.9074794597
5019.0063354451 2.9067091864
5021.3404468156 2.9059395522
5023.6745581861 2.9051705573
5026.0086695565 2.9044022014
5028.3427809270 2.9036344848
5030.6768922974 2.9028674073
5033.0110036679 2.9021009690
5035.3451150383 2.9013351699
5037.6792264088 2.9005700099
5040.0133377793 2.8998054891
5042.3474491497 2.8990416075
5044.6815605202 2.8982783650
5047.0156718906 2.8975157617
5049.3497832611 2.8967537976
5051.6838946315 2.8959924726
5054.0180060020 2.8952317869
5056.3521173725 2.8944717402
5058.6862287429 2.8937123328
5061.0203401134 2.8929535645
5063.3544514838 2.8921954354
5065.6885628543 2.8914379454
5068.0226742247 2.8906810946
5070.3567855952 2.8899248830
5072.6908969657 2.8891693106
5075.0250083361 2.8884143773
5077.3591197066 2.8876600832
5079.6932310770 2.8869064283
5082.0273424475 2.8861534125
5084.3614538179 2.8854010359
5086.6955651884 2.8846492985
5089.0296765589 2.8838982002
5091.3637879293 2.8831477411
5093.6978992998 2.8823979212
5096.0320106702 2.8816487404
5098.3661220407 2.8809001988
5100.7002334111 2.8801522964
5103.0343447816 2.8794050331
5105.3684561521 2.8786584090
5107.7025675225 2.8779124241
5110.0366788930 2.8771670784
5112.3707902634 2.8764223718
5114.7049016339 2.8756783044
5117.0390130043 2.8749348761
5119.3731243748 2.8741920870
5121.7072357452 2.8734499371
5124.0413471157 2.8727084264
5126.3754584862 2.8719675548
5128.7095698566 2.8712273224
5131.0436812271 2.8704877292
5133.3777925975 2.8697487751
5135.7119039680 2.8690104602
5138.0460153384 2.8682727845
5140.3801267089 2.8675357479
5142.7142380794 2.8667993505
5145.0483494498 2.8660635923
5147.3824608203 2.8653284732
5149.7165721907 2.8645939933
5152.0506835612 2.8638601526
5154.3847949316 2.8631269510
5156.7189063021 2.8623943887
5159.0530176726 2.8616624654
5161.3871290430 2.8609311814
5163.7212404135 2.8602005365
5166.0553517839 2.8594705308
5168.3894631544 2.8587411642
5170.7235745248 2.8580124369
5173.0576858953 2.8572843487
5175.3917972658 2.8565568996
5177.7259086362 2.8558300897
5180.0600200067 2.8551039190
5182.3941313771 2.8543783875
5184.7282427476 2.8536534951
5187.0623541180 2.8529292419
5189.3964654885 2.8522056279
5191.7305768590 2.8514826530
5194.0646882294 2.8507603174
5196.3987995999 2.8500386208
5198.7329109703 2.8493175635
5201.0670223408 2.8485971453
5203.4011337112 2.8478773663
5205.7352450817 2.8471582264
5208.0693564522 2.8464397257
5210.4034678226 2.8457218642
5212.7375791931 2.8450046419
5215.0716905635 2.8442880587
5217.4058019340 2.8435721147
5219.7399133044 2.8428568098
5222.0740246749 2.8421421441
5224.4081360453 2.8414281176
5226.7422474158 2.8407147303
5229.0763587863 2.8400019821
5231.4104701567 2.8392898731
5233.7445815272 2.8385784033
5236.0786928976 2.8378675726
5238.4128042681 2.8371573811
5240.7469156385 2.8364478288
5243.0810270090 2.8357389156
5245.4151383795 2.8350306416
5247.7492497499 2.8343230068
5250.0833611204 2.8336160112
5252.4174724908 2.8329096547
5254.7515838613 2.8322039374
5257.0856952317 2.8314988592
5259.4198066022 2.8307944202
5261.7539179727 2.8300906204
5264.0880293431 2.8293874598
5266.4221407136 2.8286849383
5268.7562520840 2.8279830560
5271.0903634545 2.8272818128
5273.4244748249 2.8265812089
5275.7585861954 2.8258812440
5278.0926975659 2.8251819184
5280.4268089363 2.8244832319
5282.7609203068 2.8237851846
5285.0950316772 2.8230877765
5287.4291430477 2.8223910075
5289.7632544181 2.8216948777
5292.0973657886 2.8209993871
5294.4314771591 2.8203045357
5296.7655885295 2.8196103234
5299.0996999000 2.8189167502
5301.4338112704 2.8182238163
5303.7679226409 2.8175315215
5306.1020340113 2.8168398659
5308.4361453818 2.8161488494
5310.7702567523 2.8154584722
5313.1043681227 2.8147687340
5315.4384794932 2.8140796351
5317.7725908636 2.8133911753
5320.1067022341 2.8127033547
5322.4408136045 2.8120161733
5324.7749249750 2.8113296310
5327.1090363454 2.8106437279
5329.4431477159 2.8099584640
5331.7772590864 2.8092738392
5334.1113704568 2.8085898536
5336.4454818273 2.8079065072
5338.7795931977 2.8072237999
5341.1137045682 2.8065417318
5343.4478159386 2.8058603029
5345.7819273091 2.8051795131
5348.1160386796 2.8044993625
5350.4501500500 2.8038198511
5352.7842614205 2.8031409789
5355.1183727909 2.8024627458
5357.4524841614 2.8017851519
5359.7865955318 2.8011081971
5362.1207069023 2.8004318815
5364.4548182728 2.7997562051
5366.7889296432 2.7990811679
5369.1230410137 2.7984067698
5371.4571523841 2.7977330109
5373.7912637546 2.7970598912
5376.1253751250 2.7963874106
5378.4594864955 2.7957155692
5380.7935978660 2.7950443670
5383.1277092364 2.7943738039
5385.4618206069 2.7937038800
5387.7959319773 2.7930345953
5390.1300433478 2.7923659497
5392.4641547182 2.7916979433
5394.7982660887 2.7910305761
5397.1323774592 2.7903638480
5399.4664888296 2.7896977591
5401.8006002001 2.7890323094
5404.1347115705 2.7883674989
5406.4688229410 2.7877033275
5408.8029343114 2.7870397953
5411.1370456819 2.7863769022
5413.4711570524 2.7857146484
5415.8052684228 2.7850530336
5418.1393797933 2.7843920581
5420.4734911637 2.7837317217
5422.8076025342 2.7830720245
5425.1417139046 2.7824129665
5427.4758252751 2.7817545476
5429.8099366455 2.7810967679
5432.1440480160 2.7804396274
5434.4781593865 2.7797831260
5436.8122707569 2.7791272638
5439.1463821274 2.7784720408
5441.4804934978 2.7778174569
5443.8146048683 2.7771635123
5446.1487162387 2.7765102067
5448.4828276092 2.7758575404
5450.8169389797 2.7752055132
5453.1510503501 2.7745541252
5455.4851617206 2.7739033763
5457.8192730910 2.7732532666
5460.1533844615 2.7726037961
5462.4874958319 2.7719549648
5464.8216072024 2.7713067726
5467.1557185729 2.7706592196
5469.4898299433 2.7700123058
5471.8239413138 2.7693660311
5474.1580526842 2.7687203956
5476.4921640547 2.7680753993
5478.8262754251 2.7674310421
5481.1603867956 2.7667873241
5483.4944981661 2.7661442453
5485.8286095365 2.7655018056
5488.1627209070 2.7648600051
5490.4968322774 2.7642188438
5492.8309436479 2.7635783216
5495.1650550183 2.7629384386
5497.4991663888 2.7622991948
5499.8332777593 2.7616605902
5502.1673891297 2.7610226247
5504.5015005002 2.7603852984
5506.8356118706 2.7597486112
5509.1697232411 2.7591125632
5511.5038346115 2.7584771544
5513.8379459820 2.7578423848
5516.1720573525 2.7572082543
5518.5061687229 2.7565747630
5520.8402800934 2.7559419109
5523.1743914638 2.7553096979
5525.5085028343 2.7546781241
5527.8426142047 2.7540471895
5530.1767255752 2.7534168940
5532.5108369456 2.7527872377
5534.8449483161 2.7521582206
5537.1790596866 2.7515298426
5539.5131710570 2.7509021038
5541.8472824275 2.7502750042
5544.1813937979 2.7496485437
5546.5155051684 2.7490227225
5548.8496165388 2.7483975403
5551.1837279093 2.7477729974
5553.5178392798 2.7471490936
5555.8519506502 2.7465258290
5558.1860620207 2.7459032035
5560.5201733911 2.7452812173
5562.8542847616 2.7446598702
5565.1883961320 2.7440391622
5567.5225075025 2.7434190934
5569.8566188730 2.7427996638
5572.1907302434 2.7421808734
5574.5248416139 2.7415627221
5576.8589529843 2.7409452100
5579.1930643548 2.7403283371
5581.5271757252 2.7397121033
5583.8612870957 2.7390965087
5586.1953984662 2.7384815533
5588.5295098366 2.7378672371
5590.8636212071 2.7372535600
5593.1977325775 2.7366405221
5595.5318439480 2.7360281233
5597.8659553184 2.7354163637
5600.2000666889 2.7348052433
5602.5341780594 2.7341947620
5604.8682894298 2.7335849200
5607.2024008003 2.7329757171
5609.5365121707 2.7323671533
5611.8706235412 2.7317592287
5614.2047349116 2.7311519433
5616.5388462821 2.7305452971
5618.8729576526 2.7299392900
5621.2070690230 2.7293339221
5623.5411803935 2.7287291934
5625.8752917639 2.7281251038
5628.2094031344 2.7275216534
5630.5435145048 2.7269188422
5632.8776258753 2.7263166701
5635.2117372457 2.7257151372
5637.5458486162 2.7251142435
5639.8799599867 2.7245139890
5642.2140713571 2.7239143736
5644.5481827276 2.7233153973
5646.8822940980 2.7227170603
5649.2164054685 2.7221193624
5651.5505168389 2.7215223037
5653.8846282094 2.7209258841
5656.2187395799 2.7203301038
5658.5528509503 2.7197349626
5660.8869623208 2.7191404605
5663.2210736912 2.7185465976
5665.5551850617 2.7179533739
5667.8892964321 2.7173607894
5670.2234078026 2.7167688440
5672.5575191731 2.7161775378
5674.8916305435 2.7155868708
5677.2257419140 2.7149968429
5679.5598532844 2.7144074542
5681.8939646549 2.7138187047
5684.2280760253 2.7132305944
5686.5621873958 2.7126431232
5688.8962987663 2.7120562911
5691.2304101367 2.7114700983
5693.5645215072 2.7108845446
5695.8986328776 2.7102996301
5698.2327442481 2.7097153547
5700.5668556185 2.7091317185
5702.9009669890 2.7085487215
5705.2350783595 2.7079663637
5707.5691897299 2.7073846450
5709.9033011004 2.7068035655
5712.2374124708 2.7062231252
5714.5715238413 2.7056433240
5716.9056352117 2.7050641620
5719.2397465822 2.7044856392
5721.5738579527 2.7039077555
5723.9079693231 2.7033305110
5726.2420806936 2.7027539057
5728.5761920640 2.7021779395
5730.9103034345 2.7016026125
5733.2444148049 2.7010279247
5735.5785261754 2.7004538760
5737.9126375458 2.6998804665
5740.2467489163 2.6993076962
5742.5808602868 2.6987355651
5744.9149716572 2.6981640731
5747.2490830277 2.6975932203
5749.5831943981 2.6970230066
5751.9173057686 2.6964534321
5754.2514171390 2.6958844968
5756.5855285095 2.6953162007
5758.9196398800 2.6947485437
5761.2537512504 2.6941815259
5763.5878626209 2.6936151473
5765.9219739913 2.6930494078
5768.2560853618 2.6924843075
5770.5901967322 2.6919198463
5772.9243081027 2.6913560244
5775.2584194732 2.6907928416
5777.5925308436 2.6902302980
5779.9266422141 2.6896683935
5782.2607535845 2.6891071282
5784.5948649550 2.6885465021
5786.9289763254 2.6879865151
5789.2630876959 2.6874271673
5791.5971990664 2.6868684587
5793.9313104368 2.6863103893
5796.2654218073 2.6857529590
5798.5995331777 2.6851961679
5800.9336445482 2.6846400159
5803.2677559186 2.6840845031
5805.6018672891 2.6835296295
5807.9359786596 2.6829753951
5810.2700900300 2.6824217998
5812.6042014005 2.6818688437
5814.9383127709 2.6813165268
5817.2724241414 2.6807648490
5819.6065355118 2.6802138104
5821.9406468823 2.6796634110
5824.2747582528 2.6791136507
5826.6088696232 2.6785645296
5828.9429809937 2.6780160477
5831.2770923641 2.6774682049
5833.6112037346 2.6769210013
5835.9453151050 2.6763744369
5838.2794264755 2.6758285117
5840.6135378459 2.6752832256
5842.9476492164 2.6747385787
5845.2817605869 2.6741945709
5847.6158719573 2.6736512023
5849.9499833278 2.6731084729
5852.2840946982 2.6725663827
5854.6182060687 2.6720249316
5856.9523174391 2.6714841197
5859.2864288096 2.6709439470
5861.6205401801 2.6704044134
5863.9546515505 2.6698655190
5866.2887629210 2.6693272637
5868.6228742914 2.6687896477
5870.9569856619 2.6682526708
5873.2910970323 2.6677163330
5875.6252084028 2.6671806345
5877.9593197733 2.6666455751
5880.2934311437 2.6661111549
5882.6275425142 2.6655773738
5884.9616538846 2.6650442319
5887.2957652551 2.6645117292
5889.6298766255 2.6639798657
5891.9639879960 2.6634486413
5894.2980993665 2.6629180561
5896.6322107369 2.6623881100
5898.9663221074 2.6618588031
5901.3004334778 2.6613301354
5903.6345448483 2.6608021069
5905.9686562187 2.6602747175
5908.3027675892 2.6597479673
5910.6368789597 2.6592218563
5912.9709903301 2.6586963844
5915.3051017006 2.6581715517
5917.6392130710 2.6576473581
5919.9733244415 2.6571238038
5922.3074358119 2.6566008886
5924.6415471824 2.6560786126
5926.9756585529 2.6555569757
5929.3097699233 2.6550359780
5931.6438812938 2.6545156195
5933.9779926642 2.6539959001
5936.3121040347 2.6534768199
5938.6462154051 2.6529583789
5940.9803267756 2.6524405771
5943.3144381460 2.6519234144
5945.6485495165 2.6514068909
5947.9826608870 2.6508910065
5950.3167722574 2.6503757614
5952.6508836279 2.6498611553
5954.9849949983 2.6493471885
5957.3191063688 2.6488338608
5959.6532177392 2.6483211723
5961.9873291097 2.6478091230
5964.3214404802 2.6472977128
5966.6555518506 2.6467869418
5968.9896632211 2.6462768100
5971.3237745915 2.6457673173
5973.6578859620 2.6452584638
5975.9919973324 2.6447502495
5978.3261087029 2.6442426744
5980.6602200734 2.6437357384
5982.9943314438 2.6432294415
5985.3284428143 2.6427237839
5987.6625541847 2.6422187654
5989.9966655552 2.6417143861
5992.3307769256 2.6412106459
5994.6648882961 2.6407075450
5996.9989996666 2.6402050831
5999.3331110370 2.6397032605
6001.6672224075 2.6392020770
6004.0013337779 2.6387015327
6006.3354451484 2.6382016276
6008.6695565188 2.6377023616
6011.0036678893 2.6372037348
6013.3377792598 2.6367057472
6015.6718906302 2.6362083987
6018.0060020007 2.6357116894
6020.3401133711 2.6352156193
6022.6742247416 2.6347201883
6025.0083361120 2.6342253965
6027.3424474825 2.6337312439
6029.6765588530 2.6332377304
6032.0106702234 2.6327448562
6034.3447815939 2.6322526210
6036.6788929643 2.6317610251
6039.0130043348 2.6312700683
6041.3471157052 2.6307797507
6043.6812270757 2.6302900722
6046.0153384461 2.6298010330
6048.3494498166 2.6293126328
6050.6835611871 2.6288248719
6053.0176725575 2.6283377501
6055.3517839280 2.6278512675
6057.6858952984 2.6273654241
6060.0200066689 2.6268802198
6062.3541180393 2.6263956547
6064.6882294098 2.6259117288
6067.0223407803 2.6254284420
6069.3564521507 2.6249457944
6071.6905635212 2.6244637860
6074.0246748916 2.6239824167
6076.3587862621 2.6235016867
6078.6928976325 2.6230215957
6081.0270090030 2.6225421440
6083.3611203735 2.6220633314
6085.6952317439 2.6215851580
6088.0293431144 2.6211076237
6090.3634544848 2.6206307286
6092.6975658553 2.6201544727
6095.0316772257 2.6196788560
6097.3657885962 2.6192038784
6099.6998999667 2.6187295400
6102.0340113371 2.6182558408
6104.3681227076 2.6177827807
6106.7022340780 2.6173103598
6109.0363454485 2.6168385780
6111.3704568189 2.6163674355
6113.7045681894 2.6158969321
6116.0386795599 2.6154270678
6118.3727909303 2.6149578428
6120.7069023008 2.6144892569
6123.0410136712 2.6140213102
6125.3751250417 2.6135540026
6127.7092364121 2.6130873342
6130.0433477826 2.6126213050
6132.3774591531 2.6121559149
6134.7115705235 2.6116911641
6137.0456818940 2.6112270523
6139.3797932644 2.6107635798
6141.7139046349 2.6103007464
6144.0480160053 2.6098385522
6146.3821273758 2.6093769972
6148.7162387462 2.6089160813
6151.0503501167 2.6084558046
6153.3844614872 2.6079961670
6155.7185728576 2.6075371687
6158.0526842281 2.6070788095
6160.3867955985 2.6066210894
6162.7209069690 2.6061640086
6165.0550183394 2.6057075669
6167.3891297099 2.6052517643
6169.7232410804 2.6047966010
6172.0573524508 2.6043420768
6174.3914638213 2.6038881918
6176.7255751917 2.6034349459
6179.0596865622 2.6029823392
6181.3937979326 2.6025303717
6183.7279093031 2.6020790434
6186.0620206736 2.6016283542
6188.3961320440 2.6011783042
6190.7302434145 2.6007288933
6193.0643547849 2.6002801216
6195.3984661554 2.5998319891
6197.7325775258 2.5993844958
6200.0666888963 2.5989376416
6202.4008002668 2.5984914266
6204.7349116372 2.5980458508
6207.0690230077 2.5976009141
6209.4031343781 2.5971566166
6211.7372457486 2.5967129583
6214.0713571190 2.5962699391
6216.4054684895 2.5958275591
6218.7395798600 2.5953858183
6221.0736912304 2.5949447166
6223.4078026009 2.5945042541
6225.7419139713 2.5940644308
6228.0760253418 2.5936252467
6230.4101367122 2.5931867017
6232.7442480827 2.5927487959
6235.0783594532 2.5923115292
6237.4124708236 2.5918749017
6239.7465821941 2.5914389134
6242.0806935645 2.5910035643
6244.4148049350 2.5905688543
6246.7489163054 2.5901347835
6249.0830276759 2.5897013518
6251.4171390463 2.5892685594
6253.7512504168 2.5888364061
6256.0853617873 2.5884048919
6258.4194731577 2.5879740170
6260.7535845282 2.5875437812
6263.0876958986 2.5871141845
6265.4218072691 2.5866852271
6267.7559186395 2.5862569088
6270.0900300100 2.5858292297
6272.4241413805 2.5854021897
6274.7582527509 2.5849757889
6277.0923641214 2.5845500273
6279.4264754918 2.5841249048
6281.7605868623 2.5837004216
6284.0946982327 2.5832765774
6286.4288096032 2.5828533725
6288.7629209737 2.5824308067
6291.0970323441 2.5820088801
6293.4311437146 2.5815875927
6295.7652550850 2.5811669444
6298.0993664555 2.5807469353
6300.4334778259 2.5803275653
6302.7675891964 2.5799088346
6305.1017005669 2.5794907430
6307.4358119373 2.5790732905
6309.7699233078 2.5786564773
6312.1040346782 2.5782403032
6314.4381460487 2.5778247682
6316.7722574191 2.5774098725
6319.1063687896 2.5769956159
6321.4404801601 2.5765819985
6323.7745915305 2.5761690202
6326.1087029010 2.5757566811
6328.4428142714 2.5753449812
6330.7769256419 2.5749339205
6333.1110370123 2.5745234989
6335.4451483828 2.5741137165
6337.7792597533 2.5737045732
6340.1133711237 2.5732960691
6342.4474824942 2.5728882042
6344.7815938646 2.5724809785
6347.1157052351 2.5720743919
6349.4498166055 2.5716684445
6351.7839279760 2.5712631363
6354.1180393464 2.5708584672
6356.4521507169 2.5704544373
6358.7862620874 2.5700510466
6361.1203734578 2.5696482950
6363.4544848283 2.5692461826
6365.7885961987 2.5688447094
6368.1227075692 2.5684438753
6370.4568189396 2.5680436804
6372.7909303101 2.5676441247
6375.1250416806 2.5672452082
6377.4591530510 2.5668469308
6379.7932644215 2.5664492926
6382.1273757919 2.5660522935
6384.4614871624 2.5656559336
6386.7955985328 2.5652602129
6389.1297099033 2.5648651314
6391.4638212738 2.5644706890
6393.7979326442 2.5640768858
6396.1320440147 2.5636837218
6398.4661553851 2.5632911969
6400.8002667556 2.5628993112
6403.1343781260 2.5625080647
6405.4684894965 2.5621174573
6407.8026008670 2.5617274891
6410.1367122374 2.5613381601
6412.4708236079 2.5609494702
6414.8049349783 2.5605614195
6417.1390463488 2.5601740080
6419.4731577192 2.5597872356
6421.8072690897 2.5594011024
6424.1413804602 2.5590156084
6426.4754918306 2.5586307536
6428.8096032011 2.5582465379
6431.1437145715 2.5578629614
6433.4778259420 2.5574800240
6435.8119373124 2.5570977258
6438.1460486829 2.5567160668
6440.4801600534 2.5563350470
6442.8142714238 2.5559546663
6445.1483827943 2.5555749248
6447.4824941647 2.5551958225
6449.8166055352 2.5548173593
6452.1507169056 2.5544395353
6454.4848282761 2.5540623505
6456.8189396465 2.5536858048
6459.1530510170 2.5533098983
6461.4871623875 2.5529346310
6463.8212737579 2.5525600028
6466.1553851284 2.5521860138
6468.4894964988 2.5518126640
6470.8236078693 2.5514399534
6473.1577192397 2.5510678819
6475.4918306102 2.5506964496
6477.8259419807 2.5503256564
6480.1600533511 2.5499555024
6482.4941647216 2.5495859876
6484.8282760920 2.5492171120
6487.1623874625 2.5488488755
6489.4964988329 2.5484812782
6491.8306102034 2.5481143200
6494.1647215739 2.5477480011
6496.4988329443 2.5473823213
6498.8329443148 2.5470172806
6501.1670556852 2.5466528792
6503.5011670557 2.5462891169
6505.8352784261 2.5459259937
6508.1693897966 2.5455635098
6510.5035011671 2.5452016650
6512.8376125375 2.5448404594
6515.1717239080 2.5444798929
6517.5058352784 2.5441199656
6519.8399466489 2.5437606775
6522.1740580193 2.5434020285
6524.5081693898 2.5430440187
6526.8422807603 2.5426866481
6529.1763921307 2.5423299167
6531.5105035012 2.5419738244
6533.8446148716 2.5416183713
6536.1787262421 2.5412635573
6538.5128376125 2.5409093826
6540.8469489830 2.5405558470
6543.1810603535 2.5402029505
6545.5151717239 2.5398506933
6547.8492830944 2.5394990752
6550.1833944648 2.5391480962
6552.5175058353 2.5387977565
6554.8516172057 2.5384480559
6557.1857285762 2.5380989944
6559.5198399466 2.5377505722
6561.8539513171 2.5374027891
6564.1880626876 2.5370556452
6566.5221740580 2.5367091404
6568.8562854285 2.5363632748
6571.1903967989 2.5360180484
6573.5245081694 2.5356734611
6575.8586195398 2.5353295131
6578.1927309103 2.5349862041
6580.5268422808 2.5346435344
6582.8609536512 2.5343015038
6585.1950650217 2.5339601124
6587.5291763921 2.5336193602
6589.8632877626 2.5332792471
6592.1973991330 2.5329397732
6594.5315105035 2.5326009385
6596.8656218740 2.5322627429
6599.1997332444 2.5319251865
6601.5338446149 2.5315882693
6603.8679559853 2.5312519912
6606.2020673558 2.5309163523
6608.5361787262 2.5305813526
6610.8702900967 2.5302469920
6613.2044014672 2.5299132706
6615.5385128376 2.5295801884
6617.8726242081 2.5292477453
6620.2067355785 2.5289159415
6622.5408469490 2.5285847767
6624.8749583194 2.5282542512
6627.2090696899 2.5279243648
6629.5431810604 2.5275951176
6631.8772924308 2.5272665096
6634.2114038013 2.5269385407
6636.5455151717 2.5266112110
6638.8796265422 2.5262845204
6641.2137379126 2.5259584691
6643.5478492831 2.5256330569
6645.8819606536 2.5253082838
6648.2160720240 2.5249841500
6650.5501833945 2.5246606553
6652.8842947649 2.5243377997
6655.2184061354 2.5240155834
6657.5525175058 2.5236940062
6659.8866288763 2.5233730681
6662.2207402467 2.5230527693
6664.5548516172 2.5227331096
6666.8889629877 2.5224140891
6669.2230743581 2.5220957077
6671.5571857286 2.5217779655
6673.8912970990 2.5214608625
6676.2254084695 2.5211443987
6678.5595198399 2.5208285740
6680.8936312104 2.5205133885
6683.2277425809 2.5201988421
6685.5618539513 2.5198849350
6687.8959653218 2.5195716670
6690.2300766922 2.5192590381
6692.5641880627 2.5189470485
6694.8982994331 2.5186356980
6697.2324108036 2.5183249866
6699.5665221741 2.5180149145
6701.9006335445 2.5177054815
6704.2347449150 2.5173966876
6706.5688562854 2.5170885330
6708.9029676559 2.5167810175
6711.2370790263 2.5164741412
6713.5711903968 2.5161679040
6715.9053017673 2.5158623060
6718.2394131377 2.5155573472
6720.5735245082 2.5152530275
6722.9076358786 2.5149493471
6725.2417472491 2.5146463057
6727.5758586195 2.5143439036
6729.9099699900 2.5140421406
6732.2440813605 2.5137410168
6734.5781927309 2.5134405322
6736.9123041014 2.5131406867
6739.2464154718 2.5128414804
6741.5805268423 2.5125429133
6743.9146382127 2.5122449853
6746.2487495832 2.5119476965
6748.5828609537 2.5116510469
6750.9169723241 2.5113550364
6753.2510836946 2.5110596651
6755.5851950650 2.5107649330
6757.9193064355 2.5104708400
6760.2534178059 2.5101773862
6762.5875291764 2.5098845716
6764.9216405468 2.5095923962
6767.2557519173 2.5093008599
6769.5898632878 2.5090099628
6771.9239746582 2.5087197048
6774.2580860287 2.5084300860
6776.5921973991 2.5081411064
6778.9263087696 2.5078527660
6781.2604201400 2.5075650647
6783.5945315105 2.5072780026
6785.9286428810 2.5069915796
6788.2627542514 2.5067057959
6790.5968656219 2.5064206513
6792.9309769923 2.5061361458
6795.2650883628 2.5058522796
6797.5991997332 2.5055690525
6799.9333111037 2.5052864645
6802.2674224742 2.5050045158
6804.6015338446 2.5047232062
6806.9356452151 2.5044425358
6809.2697565855 2.5041625045
6811.6038679560 2.5038831124
6813.9379793264 2.5036043595
6816.2720906969 2.5033262458
6818.6062020674 2.5030487712
6820.9403134378 2.5027719358
6823.2744248083 2.5024957395
6825.6085361787 2.5022201824
6827.9426475492 2.5019452645
6830.2767589196 2.5016709858
6832.6108702901 2.5013973462
6834.9449816606 2.5011243458
6837.2790930310 2.5008519846
6839.6132044015 2.5005802625
6841.9473157719 2.5003091796
6844.2814271424 2.5000387359
6846.6155385128 2.4997689313
6848.9496498833 2.4994997659
6851.2837612538 2.4992312397
6853.6178726242 2.4989633526
6855.9519839947 2.4986961047
6858.2860953651 2.4984294960
6860.6202067356 2.4981635264
6862.9543181060 2.4978981961
6865.2884294765 2.4976335048
6867.6225408469 2.4973694528
6869.9566522174 2.4971060399
6872.2907635879 2.4968432662
6874.6248749583 2.4965811316
6876.9589863288 2.4963196363
6879.2930976992 2.4960587801
6881.6272090697 2.4957985630
6883.9613204401 2.4955389852
6886.2954318106 2.4952800464
6888.6295431811 2.4950217469
6890.9636545515 2.4947640865
6893.2977659220 2.4945070653
6895.6318772924 2.4942506833
6897.9659886629 2.4939949405
6900.3001000333 2.4937398368
6902.6342114038 2.4934853722
6904.9683227743 2.4932315469
6907.3024341447 2.4929783607
6909.6365455152 2.4927258137
6911.9706568856 2.4924739058
6914.3047682561 2.4922226371
6916.6388796265 2.4919720076
6918.9729909970 2.4917220173
6921.3071023675 2.4914726661
6923.6412137379 2.4912239541
6925.9753251084 2.4909758812
6928.3094364788 2.4907284476
6930.6435478493 2.4904816530
6932.9776592197 2.4902354977
6935.3117705902 2.4899899815
6937.6458819607 2.4897451045
6939.9799933311 2.4895008667
6942.3141047016 2.4892572680
6944.6482160720 2.4890143085
6946.9823274425 2.4887719882
6949.3164388129 2.4885303071
6951.6505501834 2.4882892651
6953.9846615539 2.4880488622
6956.3187729243 2.4878090986
6958.6528842948 2.4875699741
6960.9869956652 2.4873314888
6963.3211070357 2.4870936426
6965.6552184061 2.4868564356
6967.9893297766 2.4866198678
6970.3234411470 2.4863839392
6972.6575525175 2.4861486497
6974.9916638880 2.4859139994
6977.3257752584 2.4856799882
6979.6598866289 2.4854466163
6981.9939979993 2.4852138835
6984.3281093698 2.4849817898
6986.6622207402 2.4847503354
6988.9963321107 2.4845195201
6991.3304434812 2.4842893439
6993.6645548516 2.4840598070
6995.9986662221 2.4838309092
6998.3327775925 2.4836026505
7000.6668889630 2.4833750311
7003.0010003334 2.4831480508
7005.3351117039 2.4829217097
7007.6692230744 2.4826960077
7010.0033344448 2.4824709449
7012.3374458153 2.4822465213
7014.6715571857 2.4820227369
7017.0056685562 2.4817995916
7019.3397799266 2.4815770855
7021.6738912971 2.4813552185
7024.0080026676 2.4811339908
7026.3421140380 2.4809134021
7028.6762254085 2.4806934527
7031.0103367789 2.4804741424
7033.3444481494 2.4802554713
7035.6785595198 2.4800374394
7038.0126708903 2.4798200466
7040.3467822608 2.4796032930
7042.6808936312 2.4793871786
7045.0150050017 2.4791717033
7047.3491163721 2.4789568672
7049.6832277426 2.4787426703
7052.0173391130 2.4785291126
7054.3514504835 2.4783161940
7056.6855618540 2.4781039146
7059.0196732244 2.4778922743
7061.3537845949 2.4776812732
7063.6878959653 2.4774709113
7066.0220073358 2.4772611886
7068.3561187062 2.4770521050
7070.6902300767 2.4768436606
7073.0243414471 2.4766358553
7075.3584528176 2.4764286893
7077.6925641881 2.4762221623
7080.0266755585 2.4760162746
7082.3607869290 2.4758110260
7084.6948982994 2.4756064166
7087.0290096699 2.4754024464
7089.3631210403 2.4751991153
7091.6972324108 2.4749964234
7094.0313437813 2.4747943707
7096.3654551517 2.4745929572
7098.6995665222 2.4743921828
7101.0336778926 2.4741920475
7103.3677892631 2.4739925515
7105.7019006335 2.4737936946
7108.0360120040 2.4735954769
7110.3701233745 2.4733978983
7112.7042347449 2.4732009589
7115.0383461154 2.4730046587
7117.3724574858 2.4728089977
7119.7065688563 2.4726139758
7122.0406802267 2.4724195931
7124.3747915972 2.4722258496
7126.7089029677 2.4720327452
7129.0430143381 2.4718402800
7131.3771257086 2.4716484539
7133.7112370790 2.4714572671
7136.0453484495 2.4712667194
7138.3794598199 2.4710768108
7140.7135711904 2.4708875415
7143.0476825609 2.4706989113
7145.3817939313 2.4705109203
7147.7159053018 2.4703235684
7150.0500166722 2.4701368557
7152.3841280427 2.4699507822
7154.7182394131 2.4697653478
7157.0523507836 2.4695805527
7159.3864621541 2.4693963966
7161.7205735245 2.4692128798
7164.0546848950 2.4690300021
7166.3887962654 2.4688477636
7168.7229076359 2.4686661643
7171.0570190063 2.4684852041
7173.3911303768 2.4683048831
7175.7252417472 2.4681252012
7178.0593531177 2.4679461586
7180.3934644882 2.4677677551
7182.7275758586 2.4675899907
7185.0616872291 2.4674128656
7187.3957985995 2.4672363796
7189.7299099700 2.4670605327
7192.0640213404 2.4668853251
7194.3981327109 2.4667107566
7196.7322440814 2.4665368273
7199.0663554518 2.4663635371
7201.4004668223 2.4661908861
7203.7345781927 2.4660188743
7206.0686895632 2.4658475016
7208.4028009336 2.4656767682
7210.7369123041 2.4655066738
7213.0710236746 2.4653372187
7215.4051350450 2.4651684027
7217.7392464155 2.4650002259
7220.0733577859 2.4648326883
7222.4074691564 2.4646657898
7224.7415805268 2.4644995305
7227.0756918973 2.4643339103
7229.4098032678 2.4641689294
7231.7439146382 2.4640045876
7234.0780260087 2.4638408849
7236.4121373791 2.4636778215
7238.7462487496 2.4635153972
7241.0803601200 2.4633536121
7243.4144714905 2.4631924661
7245.7485828610 2.4630319593
7248.0826942314 2.4628720917
7250.4168056019 2.4627128632
7252.7509169723 2.4625542739
7255.0850283428 2.4623963238
7257.4191397132 2.4622390129
7259.7532510837 2.4620823411
7262.0873624542 2.4619263085
7264.4214738246 2.4617709150
7266.7555851951 2.4616161608
7269.0896965655 2.4614620456
7271.4238079360 2.4613085697
7273.7579193064 2.4611557329
7276.0920306769 2.4610035353
7278.4261420473 2.4608519769
7280.7602534178 2.4607010576
7283.0943647883 2.4605507775
7285.4284761587 2.4604011366
7287.7625875292 2.4602521348
7290.0966988996 2.4601037722
7292.4308102701 2.4599560488
7294.7649216405 2.4598089646
7297.0990330110 2.4596625195
7299.4331443815 2.4595167135
7301.7672557519 2.4593715468
7304.1013671224 2.4592270192
7306.4354784928 2.4590831308
7308.7695898633 2.4589398815
7311.1037012337 2.4587972715
7313.4378126042 2.4586553006
7315.7719239747 2.4585139688
7318.1060353451 2.4583732762
7320.4401467156 2.4582332228
7322.7742580860 2.4580938086
7325.1083694565 2.4579550335
7327.4424808269 2.4578168976
7329.7765921974 2.4576794009
7332.1107035679 2.4575425433
7334.4448149383 2.4574063249
7336.7789263088 2.4572707457
7339.1130376792 2.4571358056
7341.4471490497 2.4570015047
7343.7812604201 2.4568678430
7346.1153717906 2.4567348205
7348.4494831611 2.4566024371
7350.7835945315 2.4564706929
7353.1177059020 2.4563395878
7355.4518172724 2.4562091219
7357.7859286429 2.4560792952
7360.1200400133 2.4559501077
7362.4541513838 2.4558215593
7364.7882627543 2.4556936501
7367.1223741247 2.4557074580
7369.4564854952 2.4564854952
7371.7905968656 2.4572635323
7374.1247082361 2.4580415694
7376.4588196065 2.4588196065
7378.7929309770 2.4595976437
7381.1270423474 2.4603756808
7383.4611537179 2.4611537179
7385.7952650884 2.4619317550
7388.1293764588 2.4627097922
7390.4634878293 2.4634878293
7392.7975991997 2.4642658664
7395.1317105702 2.4650439035
7397.4658219406 2.4658219406
7399.7999333111 2.4665999778
7402.1340446816 2.4673780149
7404.4681560520 2.4681560520
7406.8022674225 2.4689340891
7409.1363787929 2.4697121263
7411.4704901634 2.4704901634
7413.8046015338 2.4712682005
7416.1387129043 2.4720462376
7418.4728242748 2.4728242748
7420.8069356452 2.4736023119
7423.1410470157 2.4743803490
7425.4751583861 2.4751583861
7427.8092697566 2.4759364233
7430.1433811270 2.4767144604
7432.4774924975 2.4774924975
7434.8116038680 2.4782705346
7437.1457152384 2.4790485717
7439.4798266089 2.4798266089
7441.8139379793 2.4806046460
7444.1480493498 2.4813826831
7446.4821607202 2.4821607202
7448.8162720907 2.4829387574
7451.1503834612 2.4837167945
7453.4844948316 2.4844948316
7455.8186062021 2.4852728687
7458.1527175725 2.4860509059
7460.4868289430 2.4868289430
7462.8209403134 2.4876069801
7465.1550516839 2.4883850172
7467.4891630544 2.4891630544
7469.8232744248 2.4899410915
7472.1573857953 2.4907191286
7474.4914971657 2.4914971657
7476.8256085362 2.4922752028
7479.1597199066 2.4930532400
7481.4938312771 2.4938312771
7483.8279426475 2.4946093142
7486.1620540180 2.4953873513
7488.4961653885 2.4961653885
7490.8302767589 2.4969434256
7493.1643881294 2.4977214627
7495.4984994998 2.4984994998
7497.8326108703 2.4992775370
7500.1667222407 2.5000555741
7502.5008336112 2.5008336112
7504.8349449817 2.5016116483
7507.1690563521 2.5023896855
7509.5031677226 2.5031677226
7511.8372790930 2.5039457597
7514.1713904635 2.5047237968
7516.5055018339 2.5055018339
7518.8396132044 2.5062798711
7521.1737245749 2.5070579082
7523.5078359453 2.5078359453
7525.8419473158 2.5086139824
7528.1760586862 2.5093920196
7530.5101700567 2.5101700567
7532.8442814271 2.5109480938
7535.1783927976 2.5117261309
7537.5125041681 2.5125041681
7539.8466155385 2.5132822052
7542.1807269090 2.5140602423
7544.5148382794 2.5148382794
7546.8489496499 2.5156163165
7549.1830610203 2.5163943537
7551.5171723908 2.5171723908
7553.8512837613 2.5179504279
7556.1853951317 2.5187284650
7558.5195065022 2.5195065022
7560.8536178726 2.5202845393
7563.1877292431 2.5210625764
7565.5218406135 2.5218406135
7567.8559519840 2.5226186507
7570.1900633545 2.5233966878
7572.5241747249 2.5241747249
7574.8582860954 2.5249527620
7577.1923974658 2.5257307992
7579.5265088363 2.5265088363
7581.8606202067 2.5272868734
7584.1947315772 2.5280649105
7586.5288429476 2.5288429476
7588.8629543181 2.5296209848
7591.1970656886 2.5303990219
7593.5311770590 2.5311770590
7595.8652884295 2.5319550961
7598.1993997999 2.5327331333
7600.5335111704 2.5335111704
7602.8676225408 2.5342892075
7605.2017339113 2.5350672446
7607.5358452818 2.5358452818
7609.8699566522 2.5366233189
7612.2040680227 2.5374013560
7614.5381793931 2.5381793931
7616.8722907636 2.5389574303
7619.2064021340 2.5397354674
7621.5405135045 2.5405135045
7623.8746248750 2.5412915416
7626.2087362454 2.5420695787
7628.5428476159 2.5428476159
7630.8769589863 2.5436256530
7633.2110703568 2.5444036901
7635.5451817272 2.5451817272
7637.8792930977 2.5459597644
7640.2134044682 2.5467378015
7642.5475158386 2.5475158386
7644.8816272091 2.5482938757
7647.2157385795 2.5490719129
7649.5498499500 2.5498499500
7651.8839613204 2.5506279871
7654.2180726909 2.5514060242
7656.5521840614 2.5521840614
7658.8862954318 2.5529620985
7661.2204068023 2.5537401356
7663.5545181727 2.5545181727
7665.8886295432 2.5552962098
7668.2227409136 2.5560742470
7670.5568522841 2.5568522841
7672.8909636546 2.5576303212
7675.2250750250 2.5584083583
7677.5591863955 2.5591863955
7679.8932977659 2.5599644326
7682.2274091364 2.5607424697
7684.5615205068 2.5615205068
7686.8956318773 2.5622985440
7689.2297432477 2.5630765811
7691.5638546182 2.5638546182
7693.8979659887 2.5646326553
7696.2320773591 2.5654106925
7698.5661887296 2.5661887296
7700.9003001000 2.5669667667
7703.2344114705 2.5677448038
7705.5685228409 2.5685228409
7707.9026342114 2.5693008781
7710.2367455819 2.5700789152
7712.5708569523 2.5708569523
7714.9049683228 2.5716349894
7717.2390796932 2.5724130266
7719.5731910637 2.5731910637
7721.9073024341 2.5739691008
7724.2414138046 2.5747471379
7726.5755251751 2.5755251751
7728.9096365455 2.5763032122
7731.2437479160 2.5770812493
7733.5778592864 2.5778592864
7735.9119706569 2.5786373236
7738.2460820273 2.5794153607
7740.5801933978 2.5801933978
7742.9143047683 2.5809714349
7745.2484161387 2.5817494720
7747.5825275092 2.5825275092
7749.9166388796 2.5833055463
7752.2507502501 2.5840835834
7754.5848616205 2.5848616205
7756.9189729910 2.5856396577
7759.2530843615 2.5864176948
7761.5871957319 2.5871957319
7763.9213071024 2.5879737690
7766.2554184728 2.5887518062
7768.5895298433 2.5895298433
7770.9236412137 2.5903078804
7773.2577525842 2.5910859175
7775.5918639547 2.5918639547
7777.9259753251 2.5926419918
7780.2600866956 2.5934200289
7782.5941980660 2.5941980660
7784.9283094365 2.5949761031
7787.2624208069 2.5957541403
7789.5965321774 2.5965321774
7791.9306435478 2.5973102145
7794.2647549183 2.5980882516
7796.5988662888 2.5988662888
7798.9329776592 2.5996443259
7801.2670890297 2.6004223630
7803.6012004001 2.6012004001
7805.9353117706 2.6019784373
7808.2694231410 2.6027564744
7810.6035345115 2.6035345115
7812.9376458820 2.6043125486
7815.2717572524 2.6050905858
7817.6058686229 2.6058686229
7819.9399799933 2.6066466600
7822.2740913638 2.6074246971
7824.6082027342 2.6082027342
7826.9423141047 2.6089807714
7829.2764254752 2.6097588085
7831.6105368456 2.6105368456
7833.9446482161 2.6113148827
7836.2787595865 2.6120929199
7838.6128709570 2.6128709570
7840.9469823274 2.6136489941
7843.2810936979 2.6144270312
7845.6152050684 2.6152050684
7847.9493164388 2.6159831055
7850.2834278093 2.6167611426
7852.6175391797 2.6175391797
7854.9516505502 2.6183172169
7857.2857619206 2.6190952540
7859.6198732911 2.6198732911
7861.9539846616 2.6206513282
7864.2880960320 2.6214293653
7866.6222074025 2.6222074025
7868.9563187729 2.6229854396
7871.2904301434 2.6237634767
7873.6245415138 2.6245415138
7875.9586528843 2.6253195510
7878.2927642548 2.6260975881
7880.6268756252 2.6268756252
7882.9609869957 2.6276536623
7885.2950983661 2.6284316995
7887.6292097366 2.6292097366
7889.9633211070 2.6299877737
7892.2974324775 2.6307658108
7894.6315438479 2.6315438479
7896.9656552184 2.6323218851
7899.2997665889 2.6330999222
7901.6338779593 2.6338779593
7903.9679893298 2.6346559964
7906.3021007002 2.6354340336
7908.6362120707 2.6362120707
7910.9703234411 2.6369901078
7913.3044348116 2.6377681449
7915.6385461821 2.6385461821
7917.9726575525 2.6393242192
7920.3067689230 2.6401022563
7922.6408802934 2.6408802934
7924.9749916639 2.6416583306
7927.3091030343 2.6424363677
7929.6432144048 2.6432144048
7931.9773257753 2.6439924419
7934.3114371457 2.6447704790
7936.6455485162 2.6455485162
7938.9796598866 2.6463265533
7941.3137712571 2.6471045904
7943.6478826275 2.6478826275
7945.9819939980 2.6486606647
7948.3161053685 2.6494387018
7950.6502167389 2.6502167389
7952.9843281094 2.6509947760
7955.3184394798 2.6517728132
7957.6525508503 2.6525508503
7959.9866622207 2.6533288874
7962.3207735912 2.6541069245
7964.6548849617 2.6548849617
7966.9889963321 2.6556629988
7969.3231077026 2.6564410359
7971.6572190730 2.6572190730
7973.9913304435 2.6579971101
7976.3254418139 2.6587751473
7978.6595531844 2.6595531844
7980.9936645549 2.6603312215
7983.3277759253 2.6611092586
7985.6618872958 2.6618872958
7987.9959986662 2.6626653329
7990.3301100367 2.6634433700
7992.6642214071 2.6642214071
7994.9983327776 2.6649994443
7997.3324441480 2.6657774814
7999.6665555185 2.6665555185
8002.0006668890 2.6673335556
8004.3347782594 2.6681115928
8006.6688896299 2.6688896299
8009.0030010003 2.6696676670
8011.3371123708 2.6704457041
8013.6712237412 2.6712237412
8016.0053351117 2.6720017784
8018.3394464822 2.6727798155
8020.6735578526 2.6735578526
8023.0076692231 2.6743358897
8025.3417805935 2.6751139269
8027.6758919640 2.6758919640
8030.0100033344 2.6766700011
8032.3441147049 2.6774480382
8034.6782260754 2.6782260754
8037.0123374458 2.6790041125
8039.3464488163 2.6797821496
8041.6805601867 2.6805601867
8044.0146715572 2.6813382239
8046.3487829276 2.6821162610
8048.6828942981 2.6828942981
8051.0170056686 2.6836723352
8053.3511170390 2.6844503723
8055.6852284095 2.6852284095
8058.0193397799 2.6860064466
8060.3534511504 2.6867844837
8062.6875625208 2.6875625208
8065.0216738913 2.6883405580
8067.3557852618 2.6891185951
8069.6898966322 2.6898966322
8072.0240080027 2.6906746693
8074.3581193731 2.6914527065
8076.6922307436 2.6922307436
8079.0263421140 2.6930087807
8081.3604534845 2.6937868178
8083.6945648550 2.6945648550
8086.0286762254 2.6953428921
8088.3627875959 2.6961209292
8090.6968989663 2.6968989663
8093.0310103368 2.6976770034
8095.3651217072 2.6984550406
8097.6992330777 2.6992330777
8100.0333444481 2.7000111148
8102.3674558186 2.7007891519
8104.7015671891 2.7015671891
8107.0356785595 2.7023452262
8109.3697899300 2.7031232633
8111.7039013004 2.7039013004
8114.0380126709 2.7046793376
8116.3721240413 2.7054573747
8118.7062354118 2.7062354118
8121.0403467823 2.7070134489
8123.3744581527 2.7077914861
8125.7085695232 2.7085695232
8128.0426808936 2.7093475603
8130.3767922641 2.7101255974
8132.7109036345 2.7109036345
8135.0450150050 2.7116816717
8137.3791263755 2.7124597088
8139.7132377459 2.7132377459
8142.0473491164 2.7140157830
8144.3814604868 2.7147938202
8146.7155718573 2.7155718573
8149.0496832277 2.7163498944
8151.3837945982 2.7171279315
8153.7179059687 2.7179059687
8156.0520173391 2.7186840058
8158.3861287096 2.7194620429
8160.7202400800 2.7202400800
8163.0543514505 2.7210181172
8165.3884628209 2.7217961543
8167.7225741914 2.7225741914
8170.0566855619 2.7233522285
8172.3907969323 2.7241302656
8174.7249083028 2.7249083028
8177.0590196732 2.7256863399
8179.3931310437 2.7264643770
8181.7272424141 2.7272424141
8184.0613537846 2.7280204513
8186.3954651551 2.7287984884
8188.7295765255 2.7295765255
8191.0636878960 2.7303545626
8193.3977992664 2.7311325998
8195.7319106369 2.7319106369
8198.0660220073 2.7326886740
8200.4001333778 2.7334667111
8202.7342447482 2.7342447482
8205.0683561187 2.7350227854
8207.4024674892 2.7358008225
8209.7365788596 2.7365788596
8212.0706902301 2.7373568967
8214.4048016005 2.7381349339
8216.7389129710 2.7389129710
8219.0730243414 2.7396910081
8221.4071357119 2.7404690452
8223.7412470824 2.7412470824
8226.0753584528 2.7420251195
8228.4094698233 2.7428031566
8230.7435811937 2.7435811937
8233.0776925642 2.7443592309
8235.4118039346 2.7451372680
8237.7459153051 2.7459153051
8240.0800266756 2.7466933422
8242.4141380460 2.7474713793
8244.7482494165 2.7482494165
8247.0823607869 2.7490274536
8249.4164721574 2.7498054907
8251.7505835278 2.7505835278
8254.0846948983 2.7513615650
8256.4188062688 2.7521396021
8258.7529176392 2.7529176392
8261.0870290097 2.7536956763
8263.4211403801 2.7544737135
8265.7552517506 2.7552517506
8268.0893631210 2.7560297877
8270.4234744915 2.7568078248
8272.7575858620 2.7575858620
8275.0916972324 2.7583638991
8277.4258086029 2.7591419362
8279.7599199733 2.7599199733
8282.0940313438 2.7606980104
8284.4281427142 2.7614760476
8286.7622540847 2.7622540847
8289.0963654552 2.7630321218
8291.4304768256 2.7638101589
8293.7645881961 2.7645881961
8296.0986995665 2.7653662332
8298.4328109370 2.7661442703
8300.7669223074 2.7669223074
8303.1010336779 2.7677003446
8305.4351450484 2.7684783817
8307.7692564188 2.7692564188
8310.1033677893 2.7700344559
8312.4374791597 2.7708124931
8314.7715905302 2.7715905302
8317.1057019006 2.7723685673
8319.4398132711 2.7731466044
8321.7739246415 2.7739246415
8324.1080360120 2.7747026787
8326.4421473825 2.7754807158
8328.7762587529 2.7762587529
8331.1103701234 2.7770367900
8333.4444814938 2.7778148272
8335.7785928643 2.7785928643
8338.1127042347 2.7793709014
8340.4468156052 2.7801489385
8342.7809269757 2.7809269757
8345.1150383461 2.7817050128
8347.4491497166 2.7824830499
8349.7832610870 2.7832610870
8352.1173724575 2.7840391242
8354.4514838279 2.7848171613
8356.7855951984 2.7855951984
8359.1197065689 2.7863732355
8361.4538179393 2.7871512726
8363.7879293098 2.7879293098
8366.1220406802 2.7887073469
8368.4561520507 2.7894853840
8370.7902634211 2.7902634211
8373.1243747916 2.7910414583
8375.4584861621 2.7918194954
8377.7925975325 2.7925975325
8380.1267089030 2.7933755696
8382.4608202734 2.7941536068
8384.7949316439 2.7949316439
8387.1290430143 2.7957096810
8389.4631543848 2.7964877181
8391.7972657553 2.7972657553
8394.1313771257 2.7980437924
8396.4654884962 2.7988218295
8398.7995998666 2.7995998666
8401.1337112371 2.8003779037
8403.4678226075 2.8011559409
8405.8019339780 2.8019339780
8408.1360453484 2.8027120151
8410.4701567189 2.8034900522
8412.8042680894 2.8042680894
8415.1383794598 2.8050461265
8417.4724908303 2.8058241636
8419.8066022007 2.8066022007
8422.1407135712 2.8073802379
8424.4748249416 2.8081582750
8426.8089363121 2.8089363121
8429.1430476826 2.8097143492
8431.4771590530 2.8104923864
8433.8112704235 2.8112704235
8436.1453817939 2.8120484606
8438.4794931644 2.8128264977
8440.8136045348 2.8136045348
8443.1477159053 2.8143825720
8445.4818272758 2.8151606091
8447.8159386462 2.8159386462
8450.1500500167 2.8167166833
8452.4841613871 2.8174947205
8454.8182727576 2.8182727576
8457.1523841280 2.8190507947
8459.4864954985 2.8198288318
8461.8206068690 2.8206068690
8464.1547182394 2.8213849061
8466.4888296099 2.8221629432
8468.8229409803 2.8229409803
8471.1570523508 2.8237190175
8473.4911637212 2.8244970546
8475.8252750917 2.8252750917
8478.1593864622 2.8260531288
8480.4934978326 2.8268311659
8482.8276092031 2.8276092031
8485.1617205735 2.8283872402
8487.4958319440 2.8291652773
8489.8299433144 2.8299433144
8492.1640546849 2.8307213516
8494.4981660554 2.8314993887
8496.8322774258 2.8322774258
8499.1663887963 2.8330554629
8501.5005001667 2.8338335001
8503.8346115372 2.8346115372
8506.1687229076 2.8353895743
8508.5028342781 2.8361676114
8510.8369456485 2.8369456485
8513.1710570190 2.8377236857
8515.5051683895 2.8385017228
8517.8392797599 2.8392797599
8520.1733911304 2.8400577970
8522.5075025008 2.8408358342
8524.8416138713 2.8416138713
8527.1757252417 2.8423919084
8529.5098366122 2.8431699455
8531.8439479827 2.8439479827
8534.1780593531 2.8447260198
8536.5121707236 2.8455040569
8538.8462820940 2.8462820940
8541.1803934645 2.8470601312
8543.5145048349 2.8478381683
8545.8486162054 2.8486162054
8548.1827275759 2.8493942425
8550.5168389463 2.8501722796
8552.8509503168 2.8509503168
8555.1850616872 2.8517283539
8557.5191730577 2.8525063910
8559.8532844281 2.8532844281
8562.1873957986 2.8540624653
8564.5215071691 2.8548405024
8566.8556185395 2.8556185395
8569.1897299100 2.8563965766
8571.5238412804 2.8571746138
8573.8579526509 2.8579526509
8576.1920640213 2.8587306880
8578.5261753918 2.8595087251
8580.8602867623 2.8602867623
8583.1943981327 2.8610647994
8585.5285095032 2.8618428365
8587.8626208736 2.8626208736
8590.1967322441 2.8633989107
8592.5308436145 2.8641769479
8594.8649549850 2.8649549850
8597.1990663555 2.8657330221
8599.5331777259 2.8665110592
8601.8672890964 2.8672890964
8604.2014004668 2.8680671335
8606.5355118373 2.8688451706
8608.8696232077 2.8696232077
8611.2037345782 2.8704012449
8613.5378459486 2.8711792820
8615.8719573191 2.8719573191
8618.2060686896 2.8727353562
8620.5401800600 2.8735133934
8622.8742914305 2.8742914305
8625.2084028009 2.8750694676
8627.5425141714 2.8758475047
8629.8766255418 2.8766255418
8632.2107369123 2.8774035790
8634.5448482828 2.8781816161
8636.8789596532 2.8789596532
8639.2130710237 2.8797376903
8641.5471823941 2.8805157275
8643.8812937646 2.8812937646
8646.2154051350 2.8820718017
8648.5495165055 2.8828498388
8650.8836278760 2.8836278760
8653.2177392464 2.8844059131
8655.5518506169 2.8851839502
8657.8859619873 2.8859619873
8660.2200733578 2.8867400245
8662.5541847282 2.8875180616
8664.8882960987 2.8882960987
8667.2224074692 2.8890741358
8669.5565188396 2.8898521729
8671.8906302101 2.8906302101
8674.2247415805 2.8914082472
8676.5588529510 2.8921862843
8678.8929643214 2.8929643214
8681.2270756919 2.8937423586
8683.5611870624 2.8945203957
8685.8952984328 2.8952984328
8688.2294098033 2.8960764699
8690.5635211737 2.8968545071
8692.8976325442 2.8976325442
8695.2317439146 2.8984105813
8697.5658552851 2.8991886184
8699.8999666556 2.8999666556
8702.2340780260 2.9007446927
8704.5681893965 2.9015227298
8706.9023007669 2.9023007669
8709.2364121374 2.9030788040
8711.5705235078 2.9038568412
8713.9046348783 2.9046348783
8716.2387462487 2.9054129154
8718.5728576192 2.9061909525
8720.9069689897 2.9069689897
8723.2410803601 2.9077470268
8725.5751917306 2.9085250639
8727.9093031010 2.9093031010
8730.2434144715 2.9100811382
8732.5775258419 2.9108591753
8734.9116372124 2.9116372124
8737.2457485829 2.9124152495
8739.5798599533 2.9131932867
8741.9139713238 2.9139713238
8744.2480826942 2.9147493609
8746.5821940647 2.9155273980
8748.9163054351 2.9163054351
8751.2504168056 2.9170834723
8753.5845281761 2.9178615094
8755.9186395465 2.9186395465
8758.2527509170 2.9194175836
8760.5868622874 2.9201956208
8762.9209736579 2.9209736579
8765.2550850283 2.9217516950
8767.5891963988 2.9225297321
8769.9233077693 2.9233077693
8772.2574191397 2.9240858064
8774.5915305102 2.9248638435
8776.9256418806 2.9256418806
8779.2597532511 2.9264199178
8781.5938646215 2.9271979549
8783.9279759920 2.9279759920
8786.2620873625 2.9287540291
8788.5961987329 2.9295320662
8790.9303101034 2.9303101034
8793.2644214738 2.9310881405
8795.5985328443 2.9318661776
8797.9326442147 2.9326442147
8800.2667555852 2.9334222519
8802.6008669557 2.9342002890
8804.9349783261 2.9349783261
8807.2690896966 2.9357563632
8809.6032010670 2.9365344004
8811.9373124375 2.9373124375
8814.2714238079 2.9380904746
8816.6055351784 2.9388685117
8818.9396465488 2.9396465488
8821.2737579193 2.9404245860
8823.6078692898 2.9412026231
8825.9419806602 2.9419806602
8828.2760920307 2.9427586973
8830.6102034011 2.9435367345
8832.9443147716 2.9443147716
8835.2784261420 2.9450928087
8837.6125375125 2.9458708458
8839.9466488830 2.9466488830
8842.2807602534 2.9474269201
8844.6148716239 2.9482049572
8846.9489829943 2.9489829943
8849.2830943648 2.9497610315
8851.6172057352 2.9505390686
8853.9513171057 2.9513171057
8856.2854284762 2.9520951428
8858.6195398466 2.9528731799
8860.9536512171 2.9536512171
8863.2877625875 2.9544292542
8865.6218739580 2.9552072913
8867.9559853284 2.9559853284
8870.2900966989 2.9567633656
8872.6242080694 2.9575414027
8874.9583194398 2.9583194398
8877.2924308103 2.9590974769
8879.6265421807 2.9598755141
8881.9606535512 2.9606535512
8884.2947649216 2.9614315883
8886.6288762921 2.9622096254
8888.9629876626 2.9629876626
8891.2970990330 2.9637656997
8893.6312104035 2.9645437368
8895.9653217739 2.9653217739
8898.2994331444 2.9660998110
8900.6335445148 2.9668778482
8902.9676558853 2.9676558853
8905.3017672558 2.9684339224
8907.6358786262 2.9692119595
8909.9699899967 2.9699899967
8912.3041013671 2.9707680338
8914.6382127376 2.9715460709
8916.9723241080 2.9723241080
8919.3064354785 2.9731021452
8921.6405468490 2.9738801823
8923.9746582194 2.9746582194
8926.3087695899 2.9754362565
8928.6428809603 2.9762142937
8930.9769923308 2.9769923308
8933.3111037012 2.9777703679
8935.6452150717 2.9785484050
8937.9793264421 2.9793264421
8940.3134378126 2.9801044793
8942.6475491831 2.9808825164
8944.9816605535 2.9816605535
8947.3157719240 2.9824385906
8949.6498832944 2.9832166278
8951.9839946649 2.9839946649
8954.3181060353 2.9847727020
8956.6522174058 2.9855507391
8958.9863287763 2.9863287763
8961.3204401467 2.9871068134
8963.6545515172 2.9878848505
8965.9886628876 2.9886628876
8968.3227742581 2.9894409248
8970.6568856285 2.9902189619
8972.9909969990 2.9909969990
8975.3251083695 2.9917750361
8977.6592197399 2.9925530732
8979.9933311104 2.9933311104
8982.3274424808 2.9941091475
8984.6615538513 2.9948871846
8986.9956652217 2.9956652217
8989.3297765922 2.9964432589
8991.6638879627 2.9972212960
8993.9979993331 2.9979993331
8996.3321107036 2.9987773702
8998.6662220740 2.9995554074
9001.0003334445 3.0003334445
9003.3344448149 3.0011114816
9005.6685561854 3.0018895187
9008.0026675559 3.0026675559
9010.3367789263 3.0034455930
9012.6708902968 3.0042236301
9015.0050016672 3.0050016672
9017.3391130377 3.0057797043
9019.6732244081 3.0065577415
9022.0073357786 3.0073357786
9024.3414471491 3.0081138157
9026.6755585195 3.0088918528
9029.0096698900 3.0096698900
9031.3437812604 3.0104479271
9033.6778926309 3.0112259642
9036.0120040013 3.0120040013
9038.3461153718 3.0127820385
9040.6802267422 3.0135600756
9043.0143381127 3.0143381127
9045.3484494832 3.0151161498
9047.6825608536 3.0158941870
9050.0166722241 3.0166722241
9052.3507835945 3.0174502612
9054.6848949650 3.0182282983
9057.0190063354 3.0190063354
9059.3531177059 3.0197843726
9061.6872290764 3.0205624097
9064.0213404468 3.0213404468
9066.3554518173 3.0221184839
9068.6895631877 3.0228965211
9071.0236745582 3.0236745582
9073.3577859286 3.0244525953
9075.6918972991 3.0252306324
9078.0260086696 3.0260086696
9080.3601200400 3.0267867067
9082.6942314105 3.0275647438
9085.0283427809 3.0283427809
9087.3624541514 3.0291208181
9089.6965655218 3.0298988552
9092.0306768923 3.0306768923
9094.3647882628 3.0314549294
9096.6988996332 3.0322329665
9099.0330110037 3.0330110037
9101.3671223741 3.0337890408
9103.7012337446 3.0345670779
9106.0353451150 3.0353451150
9108.3694564855 3.0361231522
9110.7035678560 3.0369011893
9113.0376792264 3.0376792264
9115.3717905969 3.0384572635
9117.7059019673 3.0392353007
9120.0400133378 3.0400133378
9122.3741247082 3.0407913749
9124.7082360787 3.0415694120
9127.0423474492 3.0423474491
9129.3764588196 3.0431254863
9131.7105701901 3.0439035234
9134.0446815605 3.0446815605
9136.3787929310 3.0454595976
9138.7129043014 3.0462376348
9141.0470156719 3.0470156719
9143.3811270423 3.0477937090
9145.7152384128 3.0485717461
9148.0493497833 3.0493497833
9150.3834611537 3.0501278204
9152.7175725242 3.0509058575
9155.0516838946 3.0516838946
9157.3857952651 3.0524619318
9159.7199066355 3.0532399689
9162.0540180060 3.0540180060
9164.3881293765 3.0547960431
9166.7222407469 3.0555740802
9169.0563521174 3.0563521174
9171.3904634878 3.0571301545
9173.7245748583 3.0579081916
9176.0586862287 3.0586862287
9178.3927975992 3.0594642659
9180.7269089697 3.0602423030
9183.0610203401 3.0610203401
9185.3951317106 3.0617983772
9187.7292430810 3.0625764144
9190.0633544515 3.0633544515
9192.3974658219 3.0641324886
9194.7315771924 3.0649105257
9197.0656885629 3.0656885629
9199.3997999333 3.0664666000
9201.7339113038 3.0672446371
9204.0680226742 3.0680226742
9206.4021340447 3.0688007113
9208.7362454151 3.0695787485
9211.0703567856 3.0703567856
9213.4044681561 3.0711348227
9215.7385795265 3.0719128598
9218.0726908970 3.0726908970
9220.4068022674 3.0734689341
9222.7409136379 3.0742469712
9225.0750250083 3.0750250083
9227.4091363788 3.0758030455
9229.7432477493 3.0765810826
9232.0773591197 3.0773591197
9234.4114704902 3.0781371568
9236.7455818606 3.0789151940
9239.0796932311 3.0796932311
9241.4138046015 3.0804712682
9243.7479159720 3.0812493053
9246.0820273424 3.0820273424
9248.4161387129 3.0828053796
9250.7502500834 3.0835834167
9253.0843614538 3.0843614538
9255.4184728243 3.0851394909
9257.7525841947 3.0859175281
9260.0866955652 3.0866955652
9262.4208069356 3.0874736023
9264.7549183061 3.0882516394
9267.0890296766 3.0890296766
9269.4231410470 3.0898077137
9271.7572524175 3.0905857508
9274.0913637879 3.0913637879
9276.4254751584 3.0921418251
9278.7595865288 3.0929198622
9281.0936978993 3.0936978993
9283.4278092698 3.0944759364
9285.7619206402 3.0952539735
9288.0960320107 3.0960320107
9290.4301433811 3.0968100478
9292.7642547516 3.0975880849
9295.0983661220 3.0983661220
9297.4324774925 3.0991441592
9299.7665888630 3.0999221963
9302.1007002334 3.1007002334
9304.4348116039 3.1014782705
9306.7689229743 3.1022563077
9309.1030343448 3.1030343448
9311.4371457152 3.1038123819
9313.7712570857 3.1045904190
9316.1053684562 3.1053684562
9318.4394798266 3.1061464933
9320.7735911971 3.1069245304
9323.1077025675 3.1077025675
9325.4418139380 3.1084806046
9327.7759253084 3.1092586418
9330.1100366789 3.1100366789
9332.4441480493 3.1108147160
9334.7782594198 3.1115927531
9337.1123707903 3.1123707903
9339.4464821607 3.1131488274
9341.7805935312 3.1139268645
9344.1147049016 3.1147049016
9346.4488162721 3.1154829388
9348.7829276425 3.1162609759
9351.1170390130 3.1170390130
9353.4511503835 3.1178170501
9355.7852617539 3.1185950873
9358.1193731244 3.1193731244
9360.4534844948 3.1201511615
9362.7875958653 3.1209291986
9365.1217072357 3.1217072357
9367.4558186062 3.1224852729
9369.7899299767 3.1232633100
9372.1240413471 3.1240413471
9374.4581527176 3.1248193842
9376.7922640880 3.1255974214
9379.1263754585 3.1263754585
9381.4604868289 3.1271534956
9383.7945981994 3.1279315327
9386.1287095699 3.1287095699
9388.4628209403 3.1294876070
9390.7969323108 3.1302656441
9393.1310436812 3.1310436812
9395.4651550517 3.1318217184
9397.7992664221 3.1325997555
9400.1333777926 3.1333777926
9402.4674891631 3.1341558297
9404.8016005335 3.1349338668
9407.1357119040 3.1357119040
9409.4698232744 3.1364899411
9411.8039346449 3.1372679782
9414.1380460153 3.1380460153
9416.4721573858 3.1388240525
9418.8062687563 3.1396020896
9421.1403801267 3.1403801267
9423.4744914972 3.1411581638
9425.8086028676 3.1419362010
9428.1427142381 3.1427142381
9430.4768256085 3.1434922752
9432.8109369790 3.1442703123
9435.1450483495 3.1450483494
9437.4791597199 3.1458263866
9439.8132710904 3.1466044237
9442.1473824608 3.1473824608
9444.4814938313 3.1481604979
9446.8156052017 3.1489385351
9449.1497165722 3.1497165722
9451.4838279426 3.1504946093
9453.8179393131 3.1512726464
9456.1520506836 3.1520506836
9458.4861620540 3.1528287207
9460.8202734245 3.1536067578
9463.1543847949 3.1543847949
9465.4884961654 3.1551628321
9467.8226075358 3.1559408692
9470.1567189063 3.1567189063
9472.4908302768 3.1574969434
9474.8249416472 3.1582749805
9477.1590530177 3.1590530177
9479.4931643881 3.1598310548
9481.8272757586 3.1606090919
9484.1613871290 3.1613871290
9486.4954984995 3.1621651662
9488.8296098700 3.1629432033
9491.1637212404 3.1637212404
9493.4978326109 3.1644992775
9495.8319439813 3.1652773147
9498.1660553518 3.1660553518
9500.5001667222 3.1668333889
9502.8342780927 3.1676114260
9505.1683894632 3.1683894632
9507.5025008336 3.1691675003
9509.8366122041 3.1699455374
9512.1707235745 3.1707235745
9514.5048349450 3.1715016116
9516.8389463154 3.1722796488
9519.1730576859 3.1730576859
9521.5071690564 3.1738357230
9523.8412804268 3.1746137601
9526.1753917973 3.1753917973
9528.5095031677 3.1761698344
9530.8436145382 3.1769478715
9533.1777259086 3.1777259086
9535.5118372791 3.1785039458
9537.8459486496 3.1792819829
9540.1800600200 3.1800600200
9542.5141713905 3.1808380571
9544.8482827609 3.1816160943
9547.1823941314 3.1823941314
9549.5165055018 3.1831721685
9551.8506168723 3.1839502056
9554.1847282427 3.1847282427
9556.5188396132 3.1855062799
9558.8529509837 3.1862843170
9561.1870623541 3.1870623541
9563.5211737246 3.1878403912
9565.8552850950 3.1886184284
9568.1893964655 3.1893964655
9570.5235078359 3.1901745026
9572.8576192064 3.1909525397
9575.1917305769 3.1917305769
9577.5258419473 3.1925086140
9579.8599533178 3.1932866511
9582.1940646882 3.1940646882
9584.5281760587 3.1948427254
9586.8622874291 3.1956207625
9589.1963987996 3.1963987996
9591.5305101701 3.1971768367
9593.8646215405 3.1979548738
9596.1987329110 3.1987329110
9598.5328442814 3.1995109481
9600.8669556519 3.2002889852
9603.2010670223 3.2010670223
9605.5351783928 3.2018450595
9607.8692897633 3.2026230966
9610.2034011337 3.2034011337
9612.5375125042 3.2041791708
9614.8716238746 3.2049572080
9617.2057352451 3.2057352451
9619.5398466155 3.2065132822
9621.8739579860 3.2072913193
9624.2080693565 3.2080693565
9626.5421807269 3.2088473936
9628.8762920974 3.2096254307
9631.2104034678 3.2104034678
9633.5445148383 3.2111815049
9635.8786262087 3.2119595421
9638.2127375792 3.2127375792
9640.5468489496 3.2135156163
9642.8809603201 3.2142936534
9645.2150716906 3.2150716906
9647.5491830610 3.2158497277
9649.8832944315 3.2166277648
9652.2174058019 3.2174058019
9654.5515171724 3.2181838391
9656.8856285428 3.2189618762
9659.2197399133 3.2197399133
9661.5538512838 3.2205179504
9663.8879626542 3.2212959876
9666.2220740247 3.2220740247
9668.5561853951 3.2228520618
9670.8902967656 3.2236300989
9673.2244081360 3.2244081360
9675.5585195065 3.2251861732
9677.8926308770 3.2259642103
9680.2267422474 3.2267422474
9682.5608536179 3.2275202845
9684.8949649883 3.2282983217
9687.2290763588 3.2290763588
9689.5631877292 3.2298543959
9691.8972990997 3.2306324330
9694.2314104702 3.2314104702
9696.5655218406 3.2321885073
9698.8996332111 3.2329665444
9701.2337445815 3.2337445815
9703.5678559520 3.2345226187
9705.9019673224 3.2353006558
9708.2360786929 3.2360786929
9710.5701900634 3.2368567300
9712.9043014338 3.2376347671
9715.2384128043 3.2384128043
9717.5725241747 3.2391908414
9719.9066355452 3.2399688785
9722.2407469156 3.2407469156
9724.5748582861 3.2415249528
9726.9089696566 3.2423029899
9729.2430810270 3.2430810270
9731.5771923975 3.2438590641
9733.9113037679 3.2446371013
9736.2454151384 3.2454151384
9738.5795265088 3.2461931755
9740.9136378793 3.2469712126
9743.2477492497 3.2477492497
9745.5818606202 3.2485272869
9747.9159719907 3.2493053240
9750.2500833611 3.2500833611
9752.5841947316 3.2508613982
9754.9183061020 3.2516394354
9757.2524174725 3.2524174725
9759.5865288429 3.2531955096
9761.9206402134 3.2539735467
9764.2547515839 3.2547515839
9766.5888629543 3.2555296210
9768.9229743248 3.2563076581
9771.2570856952 3.2570856952
9773.5911970657 3.2578637324
9775.9253084361 3.2586417695
9778.2594198066 3.2594198066
9780.5935311771 3.2601978437
9782.9276425475 3.2609758808
9785.2617539180 3.2617539180
9787.5958652884 3.2625319551
9789.9299766589 3.2633099922
9792.2640880293 3.2640880293
9794.5981993998 3.2648660665
9796.9323107703 3.2656441036
9799.2664221407 3.2664221407
9801.6005335112 3.2672001778
9803.9346448816 3.2679782150
9806.2687562521 3.2687562521
9808.6028676225 3.2695342892
9810.9369789930 3.2703123263
9813.2710903635 3.2710903635
9815.6052017339 3.2718684006
9817.9393131044 3.2726464377
9820.2734244748 3.2734244748
9822.6075358453 3.2742025119
9824.9416472157 3.2749805491
9827.2757585862 3.2757585862
9829.6098699567 3.2765366233
9831.9439813271 3.2773146604
9834.2780926976 3.2780926976
9836.6122040680 3.2788707347
9838.9463154385 3.2796487718
9841.2804268089 3.2804268089
9843.6145381794 3.2812048461
9845.9486495498 3.2819828832
9848.2827609203 3.2827609203
9850.6168722908 3.2835389574
9852.9509836612 3.2843169946
9855.2850950317 3.2850950317
9857.6192064021 3.2858730688
9859.9533177726 3.2866511059
9862.2874291430 3.2874291430
9864.6215405135 3.2882071802
9866.9556518840 3.2889852173
9869.2897632544 3.2897632544
9871.6238746249 3.2905412915
9873.9579859953 3.2913193287
9876.2920973658 3.2920973658
9878.6262087362 3.2928754029
9880.9603201067 3.2936534400
9883.2944314772 3.2944314772
9885.6285428476 3.2952095143
9887.9626542181 3.2959875514
9890.2967655885 3.2967655885
9892.6308769590 3.2975436257
9894.9649883294 3.2983216628
9897.2990996999 3.2990996999
9899.6332110704 3.2998777370
9901.9673224408 3.3006557741
9904.3014338113 3.3014338113
9906.6355451817 3.3022118484
9908.9696565522 3.3029898855
9911.3037679226 3.3037679226
9913.6378792931 3.3045459598
9915.9719906636 3.3053239969
9918.3061020340 3.3061020340
9920.6402134045 3.3068800711
9922.9743247749 3.3076581083
9925.3084361454 3.3084361454
9927.6425475158 3.3092141825
9929.9766588863 3.3099922196
9932.3107702568 3.3107702568
9934.6448816272 3.3115482939
9936.9789929977 3.3123263310
9939.3131043681 3.3131043681
9941.6472157386 3.3138824052
9943.9813271090 3.3146604424
9946.3154384795 3.3154384795
9948.6495498499 3.3162165166
9950.9836612204 3.3169945537
9953.3177725909 3.3177725909
9955.6518839613 3.3185506280
9957.9859953318 3.3193286651
9960.3201067022 3.3201067022
9962.6542180727 3.3208847394
9964.9883294431 3.3216627765
9967.3224408136 3.3224408136
9969.6565521841 3.3232188507
9971.9906635545 3.3239968879
9974.3247749250 3.3247749250
9976.6588862954 3.3255529621
9978.9929976659 3.3263309992
9981.3271090363 3.3271090363
9983.6612204068 3.3278870735
9985.9953317773 3.3286651106
9988.3294431477 3.3294431477
9990.6635545182 3.3302211848
9992.9976658886 3.3309992220
9995.3317772591 3.3317772591
9997.6658886295 3.3325552962
10000.0000000000 3.3333333333
